# Relative frequency distribution for am_endale_ethiopia.



738643
680710
638802
566363
556450
455960
436064
427311
387069
347901
331325
321078
301741
# ፡,294046
287540
273357
271122
269841
265020
258721
251049
245490
244525
244172
235641
199981
184485
183635
178883
176906
175249
173387
172915
162710
158243
152003
143785
141906
127811
123509
119492
114576
111373
107433
104238
101877
97296
94231
# ፣,93162
92423
91185
90843
89757
89487
89045
86404
86247
85208
84867
83327
80913
72976
# ፤,72431
72251
72123
69886
68811
65204
62846
# ።,62249
60192
60088
58869
56649
53558
53492
52326
51358
# ፥,50719
49753
49646
49568
47626
43859
43726
41463
41383
40640
40353
38894
38708
38630
36475
36470
35697
35285
34553
34005
32736
31996
31620
31011
30678
30080
29601
29035
28688
28625
28159
27121
26994
26732
26382
26227
25896
25835
24211
23878
23831
23370
23134
23024
22752
21878
21742
21549
21054
20230
20087
19407
19114
18352
17985
17769
17736
16780
16778
16613
16578
15829
14733
14633
14557
14344
14339
14031
13737
13570
13199
13006
12749
12498
12213
11855
11287
10971
10742
10437
10394
9328
9060
8988
8617
8552
7815
7413
7039
6729
# 6521
6495
6482
6347
6279
6179
5939
5899
5798
5602
5421
5154
4687
4537
4434
4268
4096
3886
3860
3842
3772
3737
3660
3379
3156
3140
3028
3013
2964
2860
2843
2627
2578
# ፦,2521
2450
2441
2414
2356
2305
2219
2215
2192
2105
2091
2060
1988
1912
1912
1848
1826
1758
1695
1657
1590
1589
1504
1466
1463
1453
1439
1413
1376
# 1369
1332
1299
1275
1265
1259
1237
1195
1187
1185
1185
1165
1163
# 1151
1126
# 1106
1080
1071
1067
1057
1052
1051
991
975
935
932
901
893
888
875
875
873
870
861
823
794
751
745
745
743
722
717
# 715
712
675
640
621
612
# 609
596
592
592
# 591
531
508
502
501
466
464
425
402
399
396
388
385
382
# 367
363
362
305
291
289
287
268
265
248
235
# 210
199
# 192
189
187
185
179
167
161
160
157
# 146
141
137
# 129
125
122
121
119
117
116
105
102
# 102
# 93
87
86
84
83
# 82
81
70
64
61
60
59
53
48
# 44
# 37
# 31
28
28
23
19
17
# ፧,16
10
9
9
# 8
4
3
