# relative frequency distribution for all 한글 글자, 가나다순으로 가-힣
444780
62763
0
0
70882
0
0
297
12034
44
0
0
0
0
0
0
37840
3518
5952
483
4006
43832
12266
37
0
35561
359
65
115269
5583
0
0
91
0
0
0
171
0
0
0
0
0
0
0
7
42
0
364
6
928
0
0
0
0
0
0
140
33
0
0
0
0
0
0
352
0
0
0
0
0
0
0
0
0
0
1
0
1
0
0
0
0
0
0
11
0
0
0
1
0
0
0
0
0
0
0
0
0
0
0
0
0
0
0
0
0
0
0
0
0
0
0
68141
1821
0
0
46182
0
0
913
11455
0
0
0
0
0
0
0
22141
1575
0
182105
4
41
12
0
0
1084
107
29
120591
0
0
0
805
0
0
0
394
0
0
0
0
0
0
0
5
0
0
65
13156
2
0
0
0
0
0
0
12280
27541
1967
0
13571
0
0
2
60853
0
0
0
0
0
0
0
1569
1220
0
24
1894
126218
0
0
0
634
0
0
125841
0
0
0
0
0
0
0
2
0
0
0
0
0
0
0
0
0
0
10
0
0
0
0
0
0
0
0
457229
10235
0
0
3944
0
0
5351
6060
0
60
0
32
0
0
11
954
1483
0
9537
0
130387
103
0
0
0
0
0
209470
880
0
0
110937
0
0
0
1201
0
0
0
0
0
0
0
33
0
0
0
0
27140
0
0
0
0
0
0
313
0
0
0
295
0
0
0
0
0
0
0
0
0
0
0
0
0
0
0
0
56
0
0
0
0
0
0
5767
1
0
0
35
0
0
0
2
0
0
0
0
0
0
0
7
0
0
1
0
200
0
0
0
0
0
0
80246
0
0
0
0
0
0
0
0
0
0
0
0
0
0
0
0
0
0
0
0
0
0
0
0
0
0
0
229632
212724
0
0
30876
0
0
1748
5946
500
470
0
0
0
0
0
20
881
0
342
0
4819
167
0
0
0
0
0
33
2
0
0
42707
0
0
0
536
0
0
0
0
0
0
0
0
0
0
0
3
0
0
0
0
0
0
0
1124
0
0
0
0
0
0
0
0
0
0
0
0
0
0
0
0
0
0
0
0
0
0
0
0
0
0
0
8848
0
0
0
73
0
0
0
11
0
0
0
0
0
0
0
17
0
0
73
0
0
0
0
0
0
0
0
24777
0
0
0
12808
0
0
0
292
0
0
0
0
0
0
0
0
0
0
0
0
0
0
0
0
0
0
0
208329
18914
0
0
30461
0
0
4
9659
206
0
0
0
0
0
0
66513
30243
0
972
0
1563
0
0
0
0
0
0
3
0
0
0
0
0
0
0
0
0
0
0
0
0
0
0
0
0
0
0
0
0
0
0
0
0
0
0
422263
15
0
0
8531
0
0
16
17077
0
0
0
0
0
0
0
33988
103
0
987
0
174
1
0
0
0
3643
0
43252
180
613
0
198
0
0
0
2488
0
0
0
0
0
0
0
378
656
0
39
1
321
0
0
0
437
0
0
5090
2
0
0
78
0
0
0
33
0
0
0
0
0
0
0
0
0
0
80
31
16
0
0
0
0
0
0
1
2
0
0
0
0
0
0
0
0
0
0
0
0
0
0
0
0
0
0
0
0
0
0
0
0
0
0
0
0
0
0
0
0
0
0
0
0
0
0
0
0
0
0
0
0
0
0
0
0
0
0
0
0
0
0
1839
118
474
0
7
0
0
0
111
0
0
0
0
0
0
0
80
752
0
731
19
206
0
0
0
0
0
0
11585
0
0
0
1
0
0
0
0
0
0
0
0
0
0
0
0
0
0
0
0
4
0
0
0
0
0
0
942
0
0
0
4
0
0
0
0
0
0
0
0
0
0
0
0
0
0
26
297
0
0
0
0
4
0
0
26
0
0
0
0
0
0
0
0
0
0
0
0
0
0
0
0
0
0
0
0
0
0
0
0
0
0
0
1708
2017
0
0
43
0
0
0
1303
0
0
0
0
0
0
0
227
958
0
24
0
281
501
4354
0
0
0
0
32
121
0
0
0
0
0
0
0
0
0
0
0
0
0
0
0
0
0
0
0
58
0
0
0
0
0
0
327
3
0
0
0
0
0
0
0
0
0
0
0
0
0
0
0
0
0
0
0
41
0
0
0
0
0
0
783
0
0
0
3
0
0
0
0
0
0
0
0
0
0
0
12
0
0
0
0
1
0
0
0
0
0
0
9
0
0
0
0
0
0
0
0
0
0
0
0
0
0
0
0
0
0
0
0
0
0
0
0
0
0
0
5224
68
0
0
1099
0
0
0
570
0
0
0
0
0
0
145
1639
31
0
47
0
63
32
0
0
0
0
0
642
0
0
0
0
0
0
0
5
0
0
0
0
0
0
0
0
0
0
0
43
157
0
0
0
0
0
0
302
0
0
0
4
0
0
0
0
0
0
0
0
0
0
0
0
0
0
0
1
0
0
0
0
0
0
0
1383
0
0
0
254
0
0
0
155
0
0
0
0
0
0
0
99
0
0
0
0
0
0
0
0
0
0
0
2
0
0
0
0
0
0
0
0
0
0
0
0
0
0
0
0
0
0
0
0
0
0
0
0
0
0
0
2041
0
0
0
1334
0
1463
0
3892
0
0
0
0
0
0
681
1390
8
0
1441
0
33
0
0
0
8626
0
0
0
0
0
0
0
0
0
0
0
0
0
0
0
0
0
0
0
0
0
0
0
0
0
0
0
0
0
0
7553
51
0
0
780
0
0
0
476
0
0
0
0
0
0
0
1612
18
0
2
0
5
0
0
0
0
0
0
228153
3651
459
0
37262
0
0
47
23186
377
0
0
0
0
0
0
38751
3690
0
366
7131
1778
4917
320
0
1175
0
1540
92957
13
0
0
4851
0
0
0
1950
0
0
0
0
0
0
0
988
112
0
197
2657
4873
0
0
0
0
0
0
7027
7
0
0
3
0
0
0
43
0
0
0
0
0
0
0
13
0
0
0
0
1822
0
0
0
0
0
0
0
0
0
0
0
0
0
0
0
0
0
0
0
0
0
0
0
0
0
0
0
0
0
0
0
0
0
0
16882
432
0
134
227
0
0
0
4363
0
7
3755
0
0
0
0
6471
55
0
25
18
26
0
0
0
0
0
3513
10542
386
0
0
159
0
0
0
233
0
0
0
0
0
0
0
29
1
0
790
16
1
0
0
0
0
0
0
5778
763
0
0
68272
0
0
0
6
0
0
0
0
0
0
0
6953
3
0
0
443
957
0
0
112
0
0
0
5
0
0
0
0
0
0
0
0
0
0
0
0
0
0
0
0
0
0
0
0
0
0
0
0
0
0
0
33637
3192
0
0
12610
0
0
0
4638
0
1
0
0
0
0
0
1265
10
0
72
0
17598
0
0
0
0
14200
10739
78
0
0
0
1
0
0
0
0
0
0
0
0
0
0
0
0
0
0
0
27
0
0
0
0
0
0
0
0
0
0
0
0
0
0
0
0
0
0
0
0
0
0
0
0
0
0
0
0
0
0
0
0
0
0
0
3031
0
0
0
1
0
0
0
3
0
0
0
0
0
0
0
1
0
0
0
0
0
0
0
0
0
0
0
624
2
0
0
0
0
0
0
3
0
0
0
0
0
0
0
0
0
0
0
0
36
0
0
0
0
0
0
12494
59
0
0
9470
0
0
2
1056
0
0
0
0
0
0
0
48
102
0
209
0
4
0
0
0
0
0
0
279
0
0
0
0
0
0
0
0
0
0
0
0
0
0
0
0
0
0
0
20
0
0
0
0
0
0
0
6
0
0
0
0
0
0
0
0
0
0
0
0
0
0
0
0
0
0
0
0
0
0
0
0
0
0
0
713
0
0
0
566
0
0
0
2
0
0
0
0
0
0
0
2
0
0
0
0
0
0
0
0
0
0
0
20300
0
0
0
0
0
0
0
6
0
0
0
0
0
0
0
1850
0
0
0
0
120
0
0
0
0
0
0
20163
274
0
0
676515
0
0
0
17052
593
1
0
0
0
0
0
307
1
0
0
0
35430
1789
0
0
0
189
0
808
0
0
0
0
0
0
0
0
0
0
0
0
0
0
0
0
0
0
0
0
0
0
0
0
0
0
0
87535
889
0
0
7034
0
0
0
4215
0
0
0
0
0
0
0
6673
446
0
140
0
845
0
0
0
0
30
0
768317
2590
498
0
70500
0
0
1278
35702
2126
424
4
0
0
0
106
18504
5508
0
982
0
69539
2
59
0
0
0
737
298147
200
0
0
373
0
0
0
186
0
0
0
0
0
0
0
833
38
0
152
180
195
0
0
0
0
0
0
16
0
0
0
0
0
0
0
0
0
0
0
0
0
0
0
0
0
0
0
0
0
0
0
0
0
0
0
0
0
0
0
0
0
0
0
0
0
0
0
0
0
0
0
0
0
0
0
0
0
0
0
0
0
0
0
30047
8639
3
0
38524
0
0
1
1380
0
0
241
0
0
0
0
1476
148
0
935
0
1182
0
41
0
0
1051
0
60466
199
0
0
1096
0
0
0
7372
0
0
0
0
0
0
0
193
2
0
49
0
72
0
0
0
0
0
0
87
0
0
0
3
0
0
0
1
0
0
0
0
0
0
0
0
0
0
0
24
4
0
0
0
0
0
0
10
0
0
0
3
0
0
0
0
0
0
0
0
0
0
0
0
0
0
0
0
0
0
0
0
0
0
0
308955
21324
0
0
7919
0
0
873
15265
0
4
0
3
0
0
0
161
787
0
158
0
132904
0
126
0
1
0
0
14
0
0
0
5
0
0
0
2
0
0
0
0
0
0
0
0
0
0
0
0
0
0
0
0
0
0
0
8716
0
0
0
0
0
0
0
0
0
0
0
0
0
0
0
0
0
0
0
8150
0
0
0
0
0
0
0
112203
0
0
0
66196
0
0
0
19069
0
0
0
0
0
0
0
2249
634
0
22
0
0
0
0
0
0
0
0
10
0
0
0
0
0
0
0
0
0
0
0
0
0
0
0
0
0
0
0
0
0
0
0
0
0
0
0
43777
923
0
0
3467
0
0
0
6566
0
0
0
0
0
0
0
260
188
0
40
0
2528
0
0
0
0
0
0
245
0
0
0
0
0
0
0
0
0
0
0
0
0
0
0
0
0
0
0
39
0
0
0
0
0
0
0
6
0
0
0
0
0
0
0
0
0
0
0
0
0
0
0
0
0
0
0
0
0
0
0
0
0
0
0
9446
0
0
0
0
0
0
0
1
0
0
0
0
0
0
0
0
0
0
2006
0
75
0
0
0
0
0
0
251
0
0
0
0
0
0
0
1057
0
0
0
0
0
0
0
324
0
0
0
0
0
0
0
0
0
0
0
34506
8075
0
0
19185
0
0
2700
167937
0
53
0
0
0
0
0
1800
1984
0
7341
0
86674
0
0
0
0
0
0
2
0
0
0
0
0
0
0
0
0
0
0
0
0
0
0
0
0
0
0
0
0
0
0
0
0
0
0
19274
107
0
0
684
0
0
139
439
0
0
0
0
0
0
0
48
11
0
106
1
1013
465
0
0
0
0
0
41001
905
0
0
556
0
0
0
2621
0
0
0
0
0
0
0
593
2
0
4
47
5896
0
0
0
0
0
15
60500
0
0
0
731
0
0
0
41
0
0
0
0
0
0
0
92
0
0
6
12
44
0
0
0
0
0
0
0
0
0
0
0
0
0
0
0
0
0
0
0
0
0
0
0
0
0
0
0
0
0
0
0
0
0
0
0
0
0
0
0
0
0
0
0
0
0
0
0
0
0
0
0
0
0
0
0
0
0
0
0
0
0
0
6201
884
0
0
7956
0
0
0
5032
0
0
19
0
0
0
0
0
0
0
614
83
18
0
0
0
0
0
6430
1012
0
0
0
44
0
0
0
33
0
0
0
0
0
0
0
2
0
0
52
8
6
0
0
0
0
0
0
1
0
0
0
0
0
0
0
0
0
0
0
0
0
0
0
0
0
0
0
0
0
0
0
0
0
0
0
0
0
0
0
0
0
0
0
0
0
0
0
0
0
0
0
0
0
0
0
0
0
0
0
0
0
0
0
36418
1521
0
0
3
0
0
0
82
0
0
0
0
0
0
0
0
0
0
0
0
223
0
0
0
0
0
0
4
0
0
0
0
0
0
0
0
0
0
0
0
0
0
0
0
0
0
0
0
0
0
0
0
0
0
0
21
0
0
0
0
0
0
0
0
0
0
0
0
0
0
0
0
0
0
0
0
0
0
0
0
0
0
0
11
0
0
0
0
0
0
0
0
0
0
0
0
0
0
0
0
0
0
0
0
0
0
0
0
0
0
0
0
0
0
0
0
0
0
0
0
0
0
0
0
0
0
0
0
0
0
0
0
0
0
0
0
0
0
0
1363
669
0
0
0
0
0
0
88
0
0
0
0
0
0
771
0
0
0
0
0
555
0
0
0
0
0
0
0
0
0
0
0
0
0
0
0
0
0
0
0
0
0
0
0
0
0
0
0
0
0
0
0
0
0
0
0
0
0
0
0
0
0
0
0
0
0
0
0
0
0
0
0
0
0
0
0
0
0
0
0
0
0
0
3179
0
0
0
209
0
0
0
72
0
0
0
0
0
0
0
94
1
0
0
0
0
0
0
0
0
0
0
0
0
0
0
0
0
0
0
0
0
0
0
0
0
0
0
0
0
0
0
0
0
0
0
0
0
0
0
2708
369
0
0
367
0
0
564
338
0
0
0
0
0
0
0
502
7
0
7405
0
0
0
0
0
0
0
0
690
0
0
0
53
0
0
0
10
0
0
0
0
0
0
0
22
5
0
0
0
0
0
0
0
0
0
0
1272
0
0
0
454
0
0
0
61
0
0
0
0
0
0
0
2
0
0
0
0
3
0
0
0
0
0
0
177564
9450
0
0
23243
0
0
0
1825
0
0
0
0
0
0
0
38662
1684
0
67
2127
11742
1
0
0
0
1
175
34423
616
0
0
3505
0
0
0
41
0
0
0
0
0
0
0
4741
213
0
1094
502
626
0
0
0
0
0
0
465
5478
0
0
1
0
0
0
0
0
0
0
0
0
0
0
0
0
0
2
0
24384
0
0
0
0
0
0
0
0
0
0
0
0
0
0
0
0
0
0
0
0
0
0
0
0
0
0
0
0
0
0
0
0
0
0
81439
1415
0
0
19761
0
0
0
1968
0
0
0
0
0
0
0
15657
8295
0
204
2233
945
0
0
0
0
0
13870
23919
899
0
0
2492
0
0
0
141
0
0
0
0
0
0
0
364
76
0
319
0
51
0
0
0
0
0
0
57929
60342
0
0
27574
0
0
0
3590
0
0
0
0
0
0
0
1424
3519
0
1097
5729
23295
0
0
0
0
0
0
8209
0
0
0
3
0
0
0
0
0
0
0
0
0
0
0
0
1
0
0
0
0
0
0
0
0
0
0
425251
27838
0
0
29074
0
0
0
1200
0
0
0
0
0
0
0
769
2508
0
5507
0
917
0
0
0
0
0
0
11
0
0
0
6
0
0
0
0
0
0
0
0
0
0
0
0
0
0
0
0
0
0
0
0
0
0
0
0
0
0
0
0
0
0
0
0
0
0
0
0
0
0
0
0
0
0
0
0
0
0
0
0
0
0
0
3223
0
0
0
7
0
0
0
1
0
0
0
0
0
0
0
2
0
0
0
0
0
0
0
0
0
0
0
29995
0
0
0
1
0
0
0
2
0
0
0
0
0
0
0
0
0
0
0
0
1508
0
0
0
0
0
0
24605
1873
0
0
978
0
0
0
930
0
0
0
0
0
0
0
264
2970
0
239
0
62
0
0
0
0
0
0
922
0
0
0
0
0
0
0
0
0
0
0
0
0
0
0
0
0
0
0
57
0
0
0
0
0
0
0
0
0
0
0
0
0
0
0
0
0
0
0
0
0
0
0
0
0
0
0
0
0
0
0
0
0
0
0
276
2
0
0
2
0
0
0
1
0
0
0
0
0
0
0
0
0
0
0
0
0
0
0
0
0
0
0
25205
2436
0
0
752
0
0
0
6437
0
0
0
0
0
0
0
1033
0
0
0
0
933
0
0
0
0
0
0
41865
248
0
0
29949
0
0
0
300365
0
0
0
0
0
0
0
19622
490
0
1813
0
966
0
0
0
0
484
0
0
0
0
0
0
0
0
0
0
0
0
0
0
0
0
0
0
0
0
0
0
0
0
0
0
0
0
0
255872
1054
0
0
21231
0
0
0
5480
0
0
0
0
0
0
0
15049
21200
0
680
0
4072
0
0
0
0
0
0
68079
16415
0
0
118495
0
24098
108
52668
652
0
0
0
0
0
0
185
244
0
1961
0
21498
10712
0
0
2954
0
73
31206
3741
0
0
1387
0
0
0
44
0
0
0
0
0
0
0
135
166
0
110
26
2845
1438
0
0
0
0
0
13
0
0
0
0
0
0
0
1
0
0
0
0
0
0
0
0
0
0
0
0
3
0
0
0
0
0
0
0
0
0
0
0
0
0
0
0
0
0
0
0
0
0
0
0
0
0
0
0
0
0
0
0
0
0
0
12389
8757
0
0
4627
0
0
0
3618
0
0
0
0
0
0
0
557
5
0
713
0
1371
140
0
0
0
0
7
10594
422
0
0
1444
0
0
0
459
0
0
0
0
0
0
0
94
34
0
111
1
78
0
0
0
0
0
0
70546
110
0
0
112714
0
0
0
2229
0
0
0
0
0
0
0
0
0
0
1
22
71530
0
7328
0
0
0
0
1
0
0
0
0
0
0
0
0
0
0
0
0
0
0
0
0
0
0
0
0
0
0
0
0
0
0
0
81838
30168
0
903
1202
0
0
0
5936
0
0
0
0
0
0
0
5827
424
0
22778
0
1905
0
0
0
0
0
0
2
0
0
0
0
0
0
0
0
0
0
0
0
0
0
0
0
0
0
0
0
0
0
0
0
0
0
0
0
0
0
0
0
0
0
0
0
0
0
0
0
0
0
0
0
0
0
0
0
0
0
0
0
0
0
0
44
0
0
0
0
0
0
0
9
0
0
0
0
0
0
0
0
0
0
7
0
0
0
0
0
0
0
0
3078
0
0
0
1
0
0
0
0
0
0
0
0
0
0
0
0
0
0
0
0
0
0
0
0
0
0
0
91601
2068
961
0
110569
0
0
2288
87321
145
0
0
0
0
0
0
218
1
0
676
0
431
0
0
0
17
0
25
809
0
0
0
370
0
0
0
156
0
0
0
0
0
0
0
0
12
0
644
0
0
0
0
0
0
0
0
0
0
0
0
0
0
0
0
0
0
0
0
0
0
0
0
0
0
0
0
0
0
0
0
0
0
0
0
28
0
0
0
82
0
0
0
7
0
0
0
0
0
0
0
0
0
0
0
0
0
0
0
0
0
0
0
428
0
0
0
3
0
0
0
1404
0
0
0
0
0
0
0
181
0
0
0
0
0
0
0
0
0
0
0
7286
0
0
0
14
0
0
0
55
0
0
0
0
0
0
0
82
0
0
16
0
0
0
0
0
0
0
0
0
0
0
0
0
0
0
0
0
0
0
0
0
0
0
0
0
0
0
0
0
0
0
0
0
0
0
0
82301
1377
0
0
71043
0
0
3737
12694
0
0
0
0
0
0
0
69
119
0
132
1
798
0
47192
0
2496
0
0
50049
33302
9175
0
60054
0
0
23396
100101
10820
0
880
0
0
0
0
3000
1683
0
84
0
92209
0
0
0
1367
0
0
33251
42953
0
0
366
0
0
0
369
0
0
0
0
0
0
0
339
5
0
348
9
265
0
0
0
178
0
0
12
1
0
0
1
0
0
0
0
0
0
0
0
0
0
0
0
1
0
0
0
0
0
0
0
0
0
0
0
0
0
0
0
0
0
0
0
0
0
0
0
0
0
0
0
0
0
0
0
0
0
0
0
0
0
0
18048
371
0
0
25687
0
0
15
11864
0
0
0
0
0
0
0
17277
64451
0
2911
0
296
90
0
0
0
0
0
10331
618
0
0
1047
0
0
20
2275
0
0
0
0
0
0
0
28
2
0
100
1
74
0
0
0
0
0
0
2932
4657
0
0
34716
0
0
0
17535
0
0
0
0
0
0
0
0
439
0
177
31
19888
0
0
0
275
0
0
3
0
0
0
0
0
0
0
0
0
0
0
0
0
0
0
0
0
0
0
0
0
0
0
0
0
0
0
159703
24386
116
0
64807
0
0
0
8130
0
0
0
0
0
0
0
1574
5742
0
355
0
7104
0
0
0
0
0
0
1312
0
0
0
0
0
0
0
0
0
0
0
0
0
0
0
0
0
0
0
421
0
0
0
0
0
0
0
4
0
0
0
0
0
0
0
0
0
0
0
0
0
0
0
0
0
0
0
2
0
0
0
0
0
0
0
77
0
0
0
11
0
0
0
14
0
0
0
0
0
0
0
1
40
0
0
0
0
0
0
0
0
0
0
8
0
0
0
1
0
0
0
0
0
0
0
0
0
0
0
0
0
0
0
0
0
0
0
0
0
0
0
188768
34607
0
0
96897
0
0
9
41579
1184
0
0
0
0
0
0
335
10
0
456
0
2146
0
0
0
4802
0
0
1
0
0
0
0
0
0
0
0
0
0
0
0
0
0
0
0
0
0
0
0
0
0
0
0
0
0
0
1
0
0
0
0
0
0
0
0
0
0
0
0
0
0
0
0
0
0
0
0
0
0
0
0
0
0
0
101
0
0
0
0
0
0
0
2
0
0
0
0
0
0
0
0
0
0
0
0
0
0
0
0
0
0
0
1102
0
0
0
18
0
0
0
13
0
0
0
0
0
0
0
15
0
0
0
0
0
0
0
0
0
0
0
6435
1
0
0
250
0
0
0
2909
0
0
0
0
0
0
0
0
0
0
0
0
0
0
0
0
0
0
0
0
0
0
0
0
0
0
0
0
0
0
0
0
0
0
0
0
0
0
0
0
0
0
0
0
0
0
0
98382
195
0
0
4668
0
0
0
2348
0
1
0
0
0
0
0
378
12
0
899
0
1274
2121
2946
0
0
0
0
5968
61
0
0
127
0
0
0
2889
0
2
0
0
0
0
0
15
0
0
25
63
404
0
0
0
0
0
36
1894
121
0
0
203
0
0
0
121
0
0
0
0
0
0
0
37
0
0
103
17
63
0
0
0
0
0
0
1
0
0
0
0
0
0
0
0
0
0
0
0
0
0
0
100
0
0
0
0
0
0
0
0
0
0
0
0
0
0
0
0
0
0
0
0
0
0
0
0
0
0
0
0
0
0
0
0
0
0
0
0
0
0
0
403
61
0
0
599
0
0
679
64
0
0
0
0
0
0
0
1
0
0
39
47
39
0
0
0
0
0
0
4
0
0
0
0
0
0
0
0
0
0
0
0
0
0
0
0
0
0
0
0
6
0
0
0
0
0
0
1095
51
0
0
0
0
0
0
0
0
0
0
0
0
0
0
27
0
0
45
0
1
0
0
0
0
0
0
0
0
0
0
0
0
0
0
0
0
0
0
0
0
0
0
0
0
0
0
0
0
0
0
0
0
0
0
61
0
0
0
3
0
0
0
0
0
0
0
0
0
0
0
74
1407
0
0
0
235
0
0
0
0
0
0
0
0
0
0
0
0
0
0
0
0
0
0
0
0
0
0
0
0
0
0
0
0
0
0
0
0
0
0
0
0
0
0
0
0
0
0
0
0
0
0
0
0
0
0
0
0
0
0
0
0
0
0
0
0
0
0
0
0
0
0
0
0
0
0
0
0
0
0
0
0
0
0
0
0
0
0
0
0
0
0
0
0
0
0
217
0
0
0
0
0
0
0
0
0
0
0
0
0
0
0
0
0
0
0
0
1
0
0
0
0
0
0
3189
46
0
0
10083
0
0
0
589
0
0
0
0
0
0
0
252
0
0
0
0
0
0
0
0
0
0
0
0
0
0
0
0
0
0
0
0
0
0
0
0
0
0
0
0
0
0
0
0
0
0
0
0
0
0
0
0
0
0
0
0
0
0
0
0
0
0
0
0
0
0
0
0
0
0
0
0
0
0
0
0
0
0
0
0
0
0
0
0
0
0
0
0
0
0
0
0
0
0
0
0
0
0
0
0
0
0
0
0
0
0
0
1
0
0
0
0
0
0
0
0
0
0
0
0
0
0
0
0
0
0
0
0
0
0
0
0
0
0
0
943
0
0
0
1042
0
0
0
90
0
0
0
0
0
0
0
317
20
0
0
0
0
0
0
0
0
0
0
0
0
0
0
0
0
0
0
0
0
0
0
0
0
0
0
0
0
0
0
0
0
0
0
0
0
0
0
340
5
0
0
6
0
0
0
0
0
0
0
0
0
0
0
0
0
0
4
0
12
0
0
0
0
0
0
338369
1715
0
76
101919
0
0
0
22488
1
1629
0
0
0
0
0
17441
713
0
178
175
163622
0
0
0
129
0
0
24014
16909
0
0
281
0
0
0
140
0
0
0
0
0
0
0
614
1
0
37
6
93600
0
0
0
0
0
0
686
2
0
0
35
0
0
0
101
0
0
0
0
0
0
0
97
15
0
14
0
64
0
0
0
0
0
0
37
0
0
0
0
0
0
0
0
0
0
0
0
0
0
0
0
0
0
0
0
0
0
0
0
0
0
0
337438
50456
1037
0
105730
0
0
176
58711
0
1
7
0
0
0
0
5859
4228
0
1612
1545
177476
0
0
0
0
57
0
90453
200
0
0
4985
0
0
0
1473
0
0
0
0
0
0
0
2461
186
0
1211
11
21
0
0
0
0
0
0
1178
0
0
0
4191
0
0
0
229
0
0
0
0
0
0
0
4
0
0
307
1830
11
0
0
0
0
0
0
457
0
0
0
18
0
0
0
55
0
0
0
0
0
0
0
0
0
0
0
0
0
0
0
0
0
0
0
133720
57361
32
0
14659
0
0
0
2183
0
0
0
0
0
0
0
435
41
0
732
0
14822
0
0
0
297
0
0
7
0
0
0
3
0
0
0
0
0
0
0
0
0
0
0
0
0
0
0
0
1
0
0
0
0
0
0
3552
0
0
0
0
0
0
0
0
0
0
0
0
0
0
0
0
0
0
0
0
0
0
0
0
0
0
0
2592
0
0
0
8
0
0
0
0
0
0
0
0
0
0
0
0
0
0
48
0
0
0
0
0
0
0
0
959
18
0
0
28
0
0
0
21
0
0
0
0
0
0
0
8
72
0
5
0
6
0
0
0
0
0
0
254804
5497
0
0
17761
0
0
80
51850
0
0
0
0
0
0
0
3275
5
0
1241
0
1490
0
123
0
269
625
0
30
0
0
0
0
0
0
0
0
0
0
0
0
0
0
0
0
0
0
0
7
0
0
0
0
0
0
0
60
0
0
0
3
0
0
0
125
0
0
0
0
0
0
0
1
0
0
0
0
11
0
0
0
0
0
0
2680
0
0
0
101
0
0
0
150
0
0
0
0
0
0
0
46
3507
0
3
0
47
0
0
0
0
0
0
1975
0
0
0
0
0
0
0
295
0
0
0
0
0
0
0
720
0
0
86
0
5
0
0
0
0
0
0
128014
31
0
0
3387
0
0
0
6143
233
0
0
0
0
0
0
2169
26372
0
1857
0
15993
0
0
0
0
0
0
0
0
0
0
0
0
0
0
0
0
0
0
0
0
0
0
0
0
0
0
0
0
0
0
0
0
0
0
253080
63810
0
0
100765
0
0
274
84453
0
0
0
0
0
0
825
41348
4406
0
136
0
2865
0
0
0
0
5368
0
5729
698
0
1
1536
0
0
0
3037
0
0
0
0
0
0
0
167
5
0
0
25
2303
0
0
0
0
0
1557
19
3
0
0
14
0
0
0
1
0
0
0
0
0
0
0
1
0
0
0
0
8
0
0
0
0
0
0
0
0
0
0
0
0
0
0
0
0
0
0
0
0
0
0
0
0
0
0
0
7
0
0
0
0
0
0
0
0
0
0
0
0
0
0
0
0
0
0
0
0
0
0
0
0
0
0
0
0
0
0
0
0
0
0
14962
752
0
0
174
0
0
0
272
0
0
0
0
0
0
0
0
102
0
0
1125
303
0
0
0
0
0
0
100
0
0
0
14
0
0
0
8
0
0
0
0
0
0
0
0
0
0
0
0
0
0
0
0
0
0
0
0
0
0
0
0
0
0
0
0
0
0
0
0
0
0
0
0
0
0
0
0
0
0
0
0
0
0
0
0
0
0
0
1
0
0
0
0
0
0
0
0
0
0
0
0
0
0
0
0
0
0
0
0
0
0
0
502
10
0
0
79
0
0
950
302
0
0
0
0
0
0
0
0
1
0
0
0
34
0
0
0
0
0
0
37
0
0
0
0
0
0
0
0
0
0
0
0
0
0
0
0
0
0
0
0
0
0
0
0
0
0
0
83
0
0
0
0
0
0
0
0
0
0
0
0
0
0
0
0
0
0
0
0
0
0
0
0
0
0
0
33
0
0
0
3
0
0
0
0
0
0
0
0
0
0
0
1
0
0
0
0
0
0
0
0
0
0
0
14
0
0
0
0
0
0
0
0
0
0
0
0
0
0
0
0
0
0
0
0
0
0
0
0
0
0
0
395
389
0
0
31
0
0
0
1
0
0
0
0
0
0
0
1
0
0
0
0
11
0
0
0
0
0
0
1
0
0
0
0
0
0
0
0
0
0
0
0
0
0
0
0
0
0
0
0
0
0
0
0
0
0
0
3
0
0
0
0
0
0
0
0
0
0
0
0
0
0
0
0
0
0
0
0
0
0
0
0
0
0
0
4
0
0
0
1
0
0
0
0
0
0
0
0
0
0
0
0
0
0
0
0
0
0
0
0
0
0
0
0
0
0
0
0
0
0
0
0
0
0
0
0
0
0
0
0
0
0
0
0
1
0
0
0
0
0
0
13499
46
0
0
1933
0
0
0
2008
0
0
0
0
0
0
1
1593
141
0
0
0
0
0
0
0
0
0
0
414
0
0
0
0
0
0
0
0
0
0
0
0
0
0
0
0
0
0
0
0
0
0
0
0
0
0
0
14473
4061
0
0
1400
0
0
0
23
0
0
0
0
0
0
0
43
186
0
699
0
18
0
0
0
0
0
0
180612
14572
0
0
75312
2499
48663
0
30423
0
85
0
0
0
0
451
9387
11953
0
1276
22160
5668
0
0
0
5
16213
0
9157
10744
0
0
518
0
0
0
276
0
0
0
0
0
0
0
93
11
0
20
29
283
0
0
0
0
0
0
74076
31141
0
0
495
0
0
0
182
0
0
427
0
0
0
0
65
5
0
58
0
54808
0
0
0
263
0
97
1397
0
0
0
8
0
0
0
0
0
0
0
0
0
0
0
0
0
0
0
0
0
0
0
0
0
0
0
240951
18277
0
0
21047
398
0
8501
9009
653
0
0
0
0
0
0
6490
81327
63710
5853
82308
1071
248
0
283
0
389
0
627333
1079
0
0
8211
0
0
0
2579
0
0
0
0
0
0
0
179
14
0
121
0
62
0
0
0
0
0
0
160205
49241
431
0
178965
0
0
0
31884
0
2
189
0
0
0
0
12038
2255
81
594
62618
60754
0
0
0
40
1275
36
35605
0
0
0
20
0
0
0
924
0
0
0
0
0
0
0
2
0
0
3590
3
0
0
0
0
0
0
0
66060
4739
0
0
30303
0
0
0
20711
20
1946
0
1
0
0
1423
363
330
0
2351
0
1235
0
62
0
0
0
0
90523
71
0
0
11749
0
0
0
196
0
0
0
0
0
0
0
0
0
0
31
10359
10143
0
0
0
0
0
0
5359
3
0
0
61
0
0
0
0
0
0
0
0
0
0
0
4
0
0
0
0
1
0
0
0
0
0
0
44467
2
0
0
853
0
0
0
2
0
0
0
0
0
0
0
1
0
0
0
0
0
0
0
0
0
0
0
69066
5563
0
0
19
0
0
0
14
0
0
0
0
0
0
0
4
12
0
4
0
121744
0
0
0
0
0
0
121302
7043
0
0
56311
0
0
0
31177
0
0
0
0
0
0
0
10226
57
0
3645
0
2306
0
0
0
0
0
0
12993
88
0
0
161526
0
0
0
27352
0
0
0
0
0
0
0
24
2
0
0
2284
1
0
0
0
0
0
0
6480
6
0
0
489
0
0
0
256
0
0
0
0
0
0
0
0
6
0
0
0
0
0
0
0
0
0
0
121570
19
0
0
815
0
0
0
185
0
0
0
0
0
0
0
6
1
0
581
0
84
0
0
0
0
0
0
109371
20880
0
0
7581
0
0
0
17335
0
0
0
0
0
0
0
5
1
0
4
0
7493
0
47
0
0
0
0
246428
103
0
0
311376
0
0
0
546243
0
0
0
0
0
328
0
52135
3066
0
3
0
23810
4
4
3
5
3
6
760722
0
0
0
14
0
0
0
9
0
0
0
0
0
0
0
1
0
0
0
0
0
0
0
0
0
0
0
997684
8122
0
0
228483
0
0
0
181719
2926
0
0
0
0
0
2275
48799
49938
0
2127
245164
1331
1320
0
0
0
2609
0
255148
48405
0
0
4083
0
483
1
13203
0
0
0
0
0
0
0
4697
12974
0
317
35
148406
422
0
0
0
0
0
75723
478
0
0
52
0
0
0
69
0
0
0
0
0
0
0
72
48
0
128
6
17339
0
0
0
0
0
0
44
0
0
0
3
0
2
0
0
0
0
0
0
0
0
0
0
0
0
0
0
2
0
0
0
0
0
0
9
0
0
0
1
0
0
0
0
0
0
0
0
0
0
0
0
0
0
0
0
0
0
0
0
0
0
0
37483
180659
0
0
199889
0
0
0
25378
0
2516
0
0
0
0
0
38343
16924
0
798
0
273460
1139
0
0
0
0
0
223980
494
0
0
1393
0
0
0
1046
0
0
0
0
0
0
0
12
0
0
223
0
1
0
0
0
0
0
0
17028
0
0
0
349
0
0
0
1
0
0
0
0
0
0
0
3
0
0
0
10687
10
0
0
0
0
0
0
9
0
0
0
0
0
0
0
0
0
0
0
0
0
0
0
0
0
0
0
0
0
0
0
0
0
0
0
128791
18457
0
0
16981
0
0
0
2748
0
0
0
0
0
0
0
2341
1279
0
1
0
54433
2
102
0
0
0
9290
5234
0
0
0
0
0
0
0
0
0
0
0
0
0
0
0
0
0
0
1
0
6
0
0
0
0
0
0
1
0
0
0
0
0
0
0
0
0
0
0
0
0
0
0
0
0
0
0
0
2
0
0
0
0
0
0
7068
0
0
0
16
0
0
0
10
0
0
0
0
0
0
0
12
0
0
0
0
0
0
0
0
0
0
0
548
0
0
0
14
0
0
0
0
0
0
0
0
0
0
0
0
0
0
0
0
2
0
0
0
0
0
0
141423
8321
0
0
28449
0
0
0
13063
0
0
0
0
0
0
0
623
228
0
104
0
103639
0
0
0
0
0
0
447
0
0
0
0
0
0
0
0
0
0
0
0
0
0
0
0
0
0
0
227
0
0
0
0
0
0
0
1
0
0
0
0
0
0
0
0
0
0
0
0
0
0
0
0
0
0
0
0
0
0
0
0
0
0
0
1689
1
0
0
110
0
0
0
25
0
0
0
0
0
0
0
1
0
0
0
0
0
0
0
0
0
0
0
183
0
0
0
9
0
0
0
276
0
0
0
0
0
0
0
3
0
0
0
0
0
0
0
0
0
0
0
5383
4554
0
0
61
0
0
0
2015
0
0
0
0
0
0
0
6411
262
0
0
0
31511
0
0
0
0
0
0
0
0
0
0
0
0
0
0
0
0
0
0
0
0
0
0
0
0
0
0
0
0
0
0
0
0
0
0
394335
41744
0
0
76522
0
0
15
45465
0
93
0
0
0
0
0
4614
31018
0
3879
0
6620
514
0
0
625
722
0
3075
1823
0
0
228
0
36
0
118
0
0
1449
0
0
0
0
14
40
0
1
7
188
0
0
0
0
0
0
8212
11
0
0
1
0
0
0
0
0
0
0
0
0
0
0
2
1
0
19
232
19
0
0
0
0
0
0
2
0
0
0
0
0
0
0
0
0
0
0
0
0
0
0
0
0
0
0
0
0
0
0
0
0
0
0
0
0
0
0
0
0
0
0
0
0
0
0
0
0
0
0
0
0
0
0
0
0
0
0
0
0
0
0
885
558
0
0
92
0
0
0
572
0
0
0
0
0
0
0
3
10
0
0
0
126
0
0
0
0
0
0
21
0
0
0
0
0
0
0
0
0
0
0
0
0
0
0
0
0
0
0
0
0
0
0
0
0
0
0
50
0
0
0
0
0
0
0
0
0
0
0
0
0
0
0
0
0
0
0
9
0
0
0
0
0
0
0
0
0
0
0
0
0
0
0
0
0
0
0
0
0
0
0
0
0
0
0
0
0
0
0
0
0
0
0
304
11939
0
0
8
0
0
0
3
0
0
0
0
0
0
0
0
0
0
2
0
23
0
951
0
0
0
0
2
9
0
0
0
0
0
0
0
0
0
0
0
0
0
0
0
0
0
0
0
0
0
0
0
0
0
0
0
0
0
0
0
0
0
0
0
0
0
0
0
0
0
0
0
0
0
0
0
0
0
0
0
0
0
0
131
0
0
0
6
0
0
0
10
0
0
0
0
0
0
0
3
0
0
0
0
0
0
0
0
0
0
0
0
0
0
0
0
0
0
0
0
0
0
0
0
0
0
0
0
0
0
0
0
1
0
0
0
0
0
0
173
216
0
0
1
0
0
0
51
0
0
0
0
0
0
0
1
11
0
0
0
23
0
0
0
0
0
0
5
0
0
0
0
0
0
0
0
0
0
0
0
0
0
0
0
0
0
0
0
0
0
0
0
0
0
0
0
0
0
0
0
0
0
0
0
0
0
0
0
0
0
0
0
0
0
0
0
0
0
0
0
0
0
0
0
0
0
0
0
0
0
0
0
0
0
0
0
0
0
0
0
0
0
0
0
0
0
0
0
0
0
0
1
0
0
0
0
0
0
0
0
0
0
0
0
0
0
0
0
0
0
0
0
0
0
0
0
0
0
0
285
0
0
0
0
0
0
0
0
0
0
0
0
0
0
0
2248
0
0
24
0
0
0
0
0
0
0
0
0
0
0
0
0
0
0
0
0
0
0
0
0
0
0
0
0
0
0
0
0
0
0
0
0
0
0
0
2033
2215
0
0
65
0
0
0
311
0
0
0
0
0
0
0
78
6
0
0
0
119
291
0
0
0
0
105
54638
11826
0
0
5862
0
609
0
15195
0
0
0
0
0
0
0
14153
122
0
46
87
13727
7768
0
0
0
0
0
14096
34101
0
0
78
0
0
0
41
0
0
0
0
0
0
0
92
2
0
35
21
475
0
0
0
0
0
0
34
0
0
0
5
0
0
0
5
0
0
0
0
0
0
0
0
0
0
0
0
1
0
0
0
0
0
0
0
0
0
0
0
0
0
0
0
0
0
0
0
0
0
0
0
0
0
0
0
0
0
0
0
0
0
0
40970
4703
0
0
39186
0
0
0
19595
0
0
0
0
0
0
0
4702
2174
0
4748
2
26462
0
0
0
0
0
0
80048
5
0
0
36
0
0
0
126
0
0
0
0
0
0
0
12
0
0
36
0
10
0
0
0
0
0
0
10424
0
0
0
8
0
0
0
0
0
0
0
0
0
0
0
0
0
0
0
2214
0
0
0
0
0
0
0
14
0
0
0
0
0
0
0
0
0
0
0
0
0
0
0
0
0
0
0
0
0
0
0
0
0
0
0
30323
8597
0
0
3468
0
0
0
43
0
0
0
0
0
0
0
120
0
0
330
0
19142
0
0
0
0
0
0
9
0
0
0
18
0
0
0
412
0
0
0
0
0
0
0
0
0
0
0
0
0
0
0
0
0
0
0
0
0
0
0
0
0
0
0
0
0
0
0
0
0
0
0
0
0
0
0
0
0
0
0
0
0
0
0
35863
0
0
0
0
0
0
0
1
0
0
0
0
0
0
0
0
0
0
0
0
0
0
0
0
0
0
0
55
0
0
0
0
0
0
0
0
0
0
0
0
0
0
0
0
0
0
0
0
0
0
0
0
0
0
0
32564
20684
0
0
2955
0
0
0
40058
0
0
0
0
0
0
0
1265
118
0
142
0
15535
0
0
0
0
0
0
1063
0
0
0
0
0
0
0
0
0
0
0
0
0
0
0
0
0
0
0
70
0
0
0
0
0
0
0
161
0
0
0
0
0
0
0
0
0
0
0
0
0
0
0
0
0
0
0
0
0
0
0
0
0
0
0
10807
0
0
0
0
0
0
0
0
0
0
0
0
0
0
0
0
18
0
2
0
0
0
0
0
0
0
0
51
0
0
0
0
0
0
0
3
0
0
0
0
0
0
0
0
0
0
0
0
1
0
0
0
0
0
0
2281
22035
0
0
2
0
0
0
13
0
0
0
0
0
0
0
168
0
0
0
0
11387
0
0
0
0
0
0
0
0
0
0
0
0
0
0
0
0
0
0
0
0
0
0
0
0
0
0
0
0
0
0
0
0
0
0
100947
5895
0
0
11228
0
0
0
4502
36
0
0
0
0
0
0
15896
937
0
623
0
3704
0
0
0
0
0
0
14660
83
0
0
1029
0
0
0
6405
0
0
0
0
0
0
0
644
22
0
3
0
48
0
0
0
0
0
0
2518
3
0
0
431
0
0
0
357
0
0
0
0
0
0
0
1247
156
0
2
7
8
0
0
0
0
0
0
30
0
0
0
0
0
0
0
0
0
0
0
0
0
0
0
0
0
0
0
0
0
0
0
0
0
0
0
0
0
0
0
0
0
0
0
0
0
0
0
0
0
0
0
0
0
0
0
0
0
0
0
0
0
0
0
6364
53
0
0
1720
0
0
787
1489
0
0
0
0
0
0
0
10718
282
0
582
431
31
0
0
0
0
0
0
5777
8
0
0
157
0
0
0
688
0
0
0
0
0
0
0
27
3
0
608
0
12
0
0
0
0
0
0
9490
0
0
0
50
0
0
0
93
0
0
0
0
0
0
0
5
1
0
11
2992
0
0
0
0
0
0
0
5
0
0
0
0
0
0
0
0
0
0
0
0
0
0
0
0
0
0
0
0
0
0
0
0
0
0
0
14320
288
0
0
3025
0
0
0
2811
0
0
0
0
0
0
0
659
122
0
190
0
2486
0
0
0
0
0
0
66
11
0
0
7
0
0
0
41
0
0
0
0
0
0
0
0
0
0
0
0
44
0
0
0
0
0
0
1081
0
0
0
0
0
0
0
0
0
0
0
0
0
0
0
0
0
0
0
0
7
0
0
0
0
0
0
14
0
0
0
0
0
0
0
23
0
0
0
0
0
0
0
0
0
0
0
0
0
0
0
0
0
0
0
290
0
0
0
0
0
0
0
0
0
0
0
0
0
0
0
0
0
0
0
0
0
0
0
0
0
0
0
2649
36
0
0
36
0
0
0
206
0
0
0
0
0
0
0
14
1
0
1
0
183
0
0
0
0
0
0
166
0
0
0
66
0
0
0
5
0
0
0
0
0
0
0
0
0
0
0
0
2
0
0
0
0
0
0
86
0
0
0
0
0
0
0
0
0
0
0
0
0
0
0
0
0
0
0
0
5
0
0
0
0
0
0
942
22
0
0
43
0
0
0
5
0
0
0
0
0
0
0
1
0
0
1
0
0
0
0
0
0
0
0
746
0
0
0
0
0
0
0
45
0
0
0
0
0
0
0
2
0
0
0
0
0
0
0
0
0
0
0
35717
2
0
0
11337
0
0
0
5068
0
0
0
0
0
0
0
5162
27
0
0
0
9
0
0
0
0
0
0
0
0
0
0
0
0
0
0
0
0
0
0
0
0
0
0
0
0
0
0
0
0
0
0
0
0
0
0
26520
130
0
0
5022
0
0
0
3853
0
0
0
0
0
0
0
716
28
0
434
0
716
0
0
0
0
0
0
40966
5816
0
0
14146
0
0
0
9614
68
0
0
0
0
0
0
3596
1942
0
1105
155
4783
0
0
0
0
0
0
40770
13209
0
0
198
0
0
0
125
0
0
0
0
0
0
0
111
77
0
29
0
761
0
0
0
0
0
0
7
0
0
0
0
0
0
0
0
0
0
0
0
0
0
0
0
0
0
0
0
0
0
0
0
0
0
0
0
0
0
0
0
0
0
0
0
0
0
0
0
0
0
0
0
0
0
0
0
0
0
0
0
0
0
0
58676
777
0
0
4271
0
0
0
1503
0
0
0
0
0
0
0
85
83
0
96
34
476
0
0
0
0
0
0
10687
1187
0
0
1356
0
0
0
2948
0
0
0
0
0
0
0
17041
213
0
9
0
3
0
0
0
0
0
0
60
0
0
0
3
0
0
0
0
0
0
0
0
0
0
0
0
0
0
0
3
0
0
0
0
0
0
0
1
0
0
0
43
0
0
0
0
0
0
0
0
0
0
0
0
0
0
0
0
0
0
0
0
0
0
0
27900
316
0
0
2046
0
0
0
932
0
0
0
0
0
0
0
100
2347
0
14
0
83984
0
0
0
0
1
0
1
0
0
0
0
0
0
0
0
0
0
0
0
0
0
0
0
0
0
0
0
0
0
0
0
0
0
0
2
0
0
0
0
0
0
0
0
0
0
0
0
0
0
0
0
0
0
0
0
0
0
0
0
0
0
0
5837
0
0
0
0
0
0
0
0
0
0
0
0
0
0
0
0
0
0
7
0
0
0
0
0
0
0
0
8
0
0
0
0
0
0
0
0
0
0
0
0
0
0
0
0
0
0
0
0
0
0
0
0
0
0
0
20080
149
0
0
92
0
0
0
327
0
0
0
0
0
0
0
331
0
0
1
0
270
0
0
0
0
0
0
29
0
0
0
0
0
0
0
0
0
0
0
0
0
0
0
0
0
0
0
1
0
0
0
0
0
0
0
2
0
0
0
0
0
0
0
0
0
0
0
0
0
0
0
0
0
0
0
0
0
0
0
0
0
0
0
619
0
0
0
3
0
0
0
18
0
0
0
0
0
0
0
0
0
0
0
0
70
0
0
0
0
0
0
353
0
0
0
0
0
0
0
26
0
0
0
0
0
0
0
135
0
0
0
0
1
0
0
0
0
0
0
42309
36356
0
0
1713
0
0
141
6027
0
25
0
0
0
0
0
935
1
0
18
0
0
0
0
0
0
0
0
45
0
0
0
1
0
0
0
0
0
0
0
0
0
0
0
0
0
0
0
0
0
0
0
0
0
0
0
8140
964
0
0
794
0
0
0
1285
0
0
0
0
0
0
0
4865
84
0
0
0
1598
0
0
0
0
0
0
39471
223
615
0
26695
0
0
0
5742
0
2
0
0
0
0
0
128
93
0
4
59
530
0
0
0
226
0
0
8430
1099
0
0
353
0
0
0
10
0
0
0
0
0
0
0
8
3
0
36
4
1555
0
0
0
0
0
0
6
1
0
0
0
0
0
0
0
0
0
0
0
0
0
0
0
0
0
0
0
0
0
0
0
0
0
0
0
0
0
0
0
0
0
0
0
0
0
0
0
0
0
0
0
0
0
0
0
0
0
0
0
0
0
0
5423
194
0
0
200
0
0
0
844
0
0
0
0
0
0
0
647
0
0
2
28
88
0
0
0
0
0
0
7777
692
0
0
902
0
0
0
352
0
0
0
0
0
0
0
14
175
0
59
0
45
0
0
0
0
0
0
3071
0
0
0
23161
0
0
0
953
0
0
0
0
0
0
0
29
1
0
0
179
31562
0
0
0
0
0
0
8423
0
0
0
0
0
0
0
0
0
0
0
0
0
0
0
0
0
0
0
0
0
0
0
0
0
0
0
36505
13022
0
0
950
0
0
0
2828
0
0
0
0
0
0
0
252
0
0
34
0
117
0
0
0
0
0
0
1
0
0
0
0
0
0
0
0
0
0
0
0
0
0
0
0
0
0
0
0
0
0
0
0
0
0
0
0
0
0
0
0
0
0
0
0
0
0
0
0
0
0
0
0
0
0
0
0
0
0
0
0
0
0
0
1
0
0
0
14
0
0
0
0
0
0
0
0
0
0
0
0
0
0
0
0
0
0
0
0
0
0
0
45095
0
0
0
1
0
0
0
0
0
0
0
0
0
0
0
0
0
0
24
0
0
0
0
0
0
0
0
2181
114
0
0
656
0
0
0
6506
0
8
0
0
0
0
0
31172
0
0
237
0
9596
0
0
0
0
0
0
2
0
0
0
0
0
0
0
0
0
0
0
0
0
0
0
0
0
0
0
0
1
0
0
0
0
0
0
0
0
0
0
0
0
0
0
0
0
0
0
0
0
0
0
0
0
0
0
0
0
0
0
0
0
0
0
17
0
0
0
7
0
0
0
0
0
0
0
0
0
0
0
0
0
0
0
0
0
0
0
0
0
0
0
9668
0
0
0
0
0
0
0
76
0
0
0
0
0
0
0
4
0
0
0
0
2
0
0
0
0
0
0
34481
0
0
0
783
0
0
0
5762
0
0
0
0
0
0
0
706
15
0
0
0
0
0
0
0
0
0
0
0
0
0
0
0
0
0
0
0
0
0
0
0
0
0
0
0
0
0
0
0
0
0
0
0
0
0
0
24041
4301
0
0
1883
0
0
0
21954
0
0
0
0
0
0
0
38
464
0
430
0
1689
0
0
0
0
0
0
522169
120517
0
0
470453
0
0
0
85680
0
0
0
0
75
0
0
33578
63959
0
606
0
22624
0
0
0
0
0
0
205921
10742
0
0
394
0
0
0
29
0
0
0
0
0
0
0
186
17
0
722
64453
60686
0
0
0
0
0
0
35
0
0
0
0
0
0
0
0
0
0
0
0
0
0
0
0
0
0
0
0
30772
0
0
0
0
0
0
0
0
0
0
0
0
0
0
0
0
0
0
0
0
0
0
0
0
0
0
0
0
0
0
0
0
0
0
10625
32
0
0
7849
0
0
0
528
0
0
0
0
0
0
0
25834
26
0
333
0
466
0
0
0
0
0
0
3057
112
0
0
430
0
0
0
685
0
0
0
0
0
0
0
39
41
0
42
0
26
0
0
0
0
0
0
8460
10201
0
0
54765
0
0
0
4587
0
0
0
0
0
0
0
2213
19327
0
59
4904
52341
0
0
0
0
0
0
3161
0
0
0
0
0
0
0
0
0
0
0
0
0
0
0
0
0
0
0
0
0
0
0
0
0
0
0
41396
4961
0
0
8724
0
0
0
1840
0
0
0
0
0
0
0
285
340
0
33
0
8207
0
0
0
97
0
0
144438
28515
0
0
32362
0
0
0
27752
0
0
0
0
0
0
0
0
0
0
33
0
16861
0
0
0
0
0
0
12
2
0
0
0
0
0
0
0
0
0
0
0
0
0
0
0
0
0
57
0
0
0
0
0
0
0
0
100130
12816
0
0
6
0
0
0
2
0
0
0
0
0
0
0
0
0
0
272
0
1347
0
0
0
0
0
0
21228
0
0
0
0
0
0
0
0
0
0
0
0
0
0
0
0
0
0
0
0
0
0
0
0
0
0
0
36817
27
0
0
6695
0
0
0
969
0
0
0
0
136
0
0
347
0
0
124
0
5
0
0
0
0
0
0
14
0
0
0
95
0
0
0
1290
0
0
0
0
0
0
0
2
0
0
0
0
0
0
0
0
0
0
0
882
3
0
0
7
0
0
0
4
0
0
0
0
0
0
0
0
0
0
0
0
5
0
0
0
0
0
0
3931
44
0
0
46
0
0
0
138
0
0
0
0
0
0
0
130
411
0
13
0
0
0
0
0
0
0
0
4165
0
0
0
1
0
0
0
34
0
0
0
0
0
0
0
28
0
0
0
0
1279
0
0
0
0
0
0
4622
2582
0
0
3358
0
0
10
2837
1167
0
0
0
0
0
0
492
4795
0
0
0
5271
0
0
0
386
0
0
11479
0
0
0
1421
0
0
0
4
0
0
0
0
0
0
0
1
3
0
0
0
0
0
0
0
0
0
0
47948
29
0
0
2820
0
0
0
951
0
0
0
0
0
0
0
7838
39
0
5
0
0
0
0
0
0
0
2
