# frequencies for corresponding charset zh_china_junda_mo_3000

7922684
3050722
2615490
2237915
2128528
2009181
1867999
1782004
1690048
1595761
1552042
1199580
1169853
1104541
1079469
1069575
1054064
1039036
1010465
985350
969349
965035
910627
874977
833532
811011
771108
755256
734888
723108
710259
705205
703632
682031
665358
649239
640640
638538
630688
630524
626326
621185
611687
609003
601887
589925
572904
570764
542791
537795
535480
534695
531848
523028
511026
509790
503344
499172
499007
492763
481689
481338
477969
476270
466816
464261
449036
439568
437611
433960
429274
428146
426839
425180
424933
424616
422538
419884
419382
415855
412166
411866
410987
403066
403028
400528
399693
398149
398087
392228
388612
388118
381431
377012
374459
371612
370059
369958
368819
368494
363763
362526
360974
360232
359265
359136
346173
345532
342148
340730
339823
338954
335796
325780
318626
318534
318143
317532
316273
312900
309873
309844
306384
305248
304272
302933
302473
300800
296810
296169
295645
295586
294600
293542
292227
292199
288237
284252
283689
282843
281616
281146
280442
280384
278776
276986
274911
274222
273792
269878
269452
269125
269080
268905
268813
267869
267506
266296
265164
260786
253921
250894
250754
249725
246831
243648
243619
240900
240566
240067
239277
239243
239091
231734
231331
230248
226768
224729
223050
217815
214990
214983
214857
214376
212769
212485
212309
210628
209302
209046
208875
207827
207579
206238
206083
205159
204985
202671
200645
200217
200090
198933
198481
198416
197165
194237
193619
193507
193435
192433
192355
191936
191866
191280
191267
190769
190687
189921
189876
189785
187378
186634
186146
185188
185121
184874
184554
184470
184335
183834
183312
183210
183018
182411
181725
181674
181385
180928
180827
180490
180008
179607
178383
178289
176085
175580
175473
174963
173632
172895
171949
170746
169806
169522
169439
168917
168890
168358
168142
167912
166865
166044
166034
165820
164775
164424
163582
162938
162049
159527
159479
158539
157959
156904
156759
155772
155750
155229
154316
153462
152079
151357
149915
149042
148988
148728
148679
148438
147907
147639
147600
146665
146459
145291
144597
144597
144506
144503
143948
143453
143120
142742
142292
142231
141812
139501
139078
138528
138503
138285
138280
138216
137990
136962
136939
136277
136194
136087
136053
135727
134528
134220
134102
134051
133986
133145
132041
131634
130993
128824
128417
128186
128086
127796
127716
126624
126391
126115
125660
125220
124865
124619
124463
124420
123903
122902
122290
121803
121267
121023
120897
120778
120564
120496
120308
120301
119990
119734
119594
119161
118824
118451
117736
117675
116961
116923
116904
116810
116539
116488
116193
115704
115610
115441
115346
115087
114784
114570
113877
113652
112987
112294
112185
110970
110491
110455
110131
109362
109359
108862
108811
108376
108218
108167
107513
107397
107114
106982
106814
106379
105924
105406
105293
104560
104151
104019
103938
103832
103634
103367
103165
103158
102833
102149
102018
100910
100771
100744
100680
100251
100226
99790
99412
99148
98963
98822
98692
98447
98377
98261
98057
97897
97760
97235
97135
96954
96814
96326
96263
95657
95444
95407
95020
94903
94580
93869
93761
93710
93638
93453
92700
92052
91639
91240
90559
90469
90263
90127
90039
89852
89730
89623
89328
89272
88412
88247
88143
87900
87825
87536
87159
86593
86324
86089
85976
85957
85953
85830
85740
85487
85036
84620
84587
84474
84361
84359
84335
84270
83702
83366
82870
82869
82805
82729
82688
82641
82619
82599
82498
82418
81863
81852
81702
81097
80933
80705
80663
80460
80454
80390
80364
80320
80183
80074
79809
79708
79482
79395
78896
78877
78685
78648
78620
78238
77914
77818
77385
77219
76993
76766
76760
76750
76620
76542
76377
76372
76320
76181
76098
76043
75958
75904
75728
75402
75278
74917
74579
74459
74174
74168
74009
73927
73861
73287
73220
73216
72778
72533
72421
72300
72199
72074
71919
71894
71462
71245
71172
70632
70580
70459
70453
70067
69984
69687
69668
69641
69602
69482
69462
69456
69440
69360
69108
69045
68946
68924
68776
68747
68576
68487
68475
68424
68380
68196
68147
68082
67915
67915
67843
67732
67490
67405
67304
67268
67118
67051
66867
66634
66551
66374
66293
66035
66018
65883
65727
65272
65094
65015
64965
64772
64622
64559
64522
64495
64453
64438
64201
63913
63739
63570
63520
63417
63200
63194
63156
62691
62588
62401
62285
62179
62142
61951
61912
61861
61798
61647
61534
61528
60896
60867
60736
60708
60484
60474
60428
60182
60141
59944
59724
59632
59100
59090
58927
58859
58839
58642
58587
58449
58408
58145
58110
58047
57757
57744
57430
57329
57255
56307
56119
56037
55971
55938
55871
55597
55294
55226
55189
55064
54891
54812
54616
54510
54453
54433
54262
54169
54037
53982
53705
53460
53429
53378
53184
53068
53033
53033
52891
52846
52735
52723
52656
52603
52475
52394
52394
52280
52244
52068
52045
51792
51533
51401
51272
51208
51134
51094
50799
50720
50601
50459
50413
50349
50273
50134
50123
50081
49980
49900
49855
49829
49803
49702
49565
49306
49058
48862
48772
48749
48739
48622
48600
48304
48244
48218
48044
48038
47955
47788
47750
47702
47619
47561
47543
47520
47474
47342
47098
47079
47065
47041
47038
46835
46789
46613
46600
46525
46239
45886
45798
45664
45615
45568
45561
45408
45314
45218
45181
44899
44612
44529
44501
44493
44475
44425
44338
44264
44069
44056
44052
44052
43810
43751
43692
43620
43365
43199
43087
42988
42966
42853
42836
42814
42749
42738
42735
42706
42687
42602
42579
42527
42513
42506
42504
42292
42253
42080
42026
41944
41881
41762
41749
41723
41717
41363
41167
41129
41105
41082
41068
41016
40954
40936
40709
40704
40681
40619
40597
40573
40541
40519
40500
40452
40265
40196
40101
40081
40011
39879
39846
39813
39752
39627
39588
39497
39486
39336
39312
39172
39020
39010
38954
38824
38668
38569
38506
38463
38407
38376
38374
38349
38274
38271
38263
38130
38064
37960
37939
37898
37834
37729
37676
37619
37582
37579
37563
37560
37550
37474
37343
37302
37208
37198
36842
36821
36770
36762
36704
36599
36585
36459
36444
36378
36351
36315
36291
36233
36230
36112
36080
36032
36027
36025
35955
35891
35757
35612
35577
35370
35343
35332
35205
35188
35153
35082
35076
34823
34759
34708
34688
34635
34625
34610
34548
34542
34527
34523
34517
34469
34467
34384
34311
34237
34135
34128
34097
34057
33917
33720
33669
33620
33615
33469
33468
33420
33366
33228
33137
33017
32991
32822
32807
32761
32757
32694
32638
32540
32456
32431
32399
32367
32268
32179
32112
32027
31960
31951
31936
31925
31910
31748
31731
31675
31662
31647
31506
31468
31466
31370
31324
31318
31279
31170
30997
30985
30963
30930
30930
30894
30820
30765
30564
30545
30533
30477
30399
30343
30341
30047
30001
30001
29957
29911
29700
29679
29644
29585
29568
29566
29533
29454
29432
29418
29402
29294
29271
29180
29134
29129
29019
28957
28926
28916
28885
28860
28856
28804
28724
28642
28582
28526
28331
28310
28205
28184
28031
27961
27897
27891
27833
27812
27808
27561
27480
27472
27434
27401
27292
27283
27228
27201
27076
27043
27019
26978
26899
26847
26836
26803
26687
26590
26564
26539
26514
26509
26485
26466
26453
26414
26386
26321
26301
26198
26148
26041
26005
25958
25924
25920
25908
25897
25866
25792
25768
25746
25730
25620
25591
25584
25575
25531
25455
25452
25427
25405
25401
25384
25353
25256
25228
25195
25101
25069
25016
24999
24890
24888
24862
24861
24796
24780
24737
24716
24675
24662
24632
24620
24605
24553
24527
24469
24444
24387
24374
24360
24267
24265
24259
24172
24142
24030
24030
24009
23959
23947
23918
23891
23862
23853
23824
23773
23732
23645
23581
23526
23520
23500
23483
23479
23428
23364
23271
23237
23193
23175
23151
22991
22982
22937
22909
22835
22820
22781
22779
22751
22723
22639
22608
22592
22439
22437
22407
22396
22336
22263
22229
22187
22180
22170
22148
22098
22078
21970
21918
21877
21862
21819
21719
21705
21646
21444
21117
21101
21098
21098
21011
20999
20989
20978
20964
20960
20947
20917
20902
20897
20883
20880
20830
20826
20813
20747
20731
20706
20690
20681
20624
20599
20503
20488
20482
20461
20458
20372
20340
20291
20254
20247
20229
20207
20203
20165
20100
20085
20076
20057
20051
20021
19905
19878
19870
19849
19752
19703
19698
19670
19554
19516
19515
19499
19487
19485
19411
19404
19402
19330
19327
19288
19246
19219
19211
19171
19093
19076
19064
19006
18989
18916
18909
18901
18890
18833
18825
18815
18779
18710
18702
18699
18684
18678
18587
18569
18540
18532
18528
18495
18492
18458
18428
18420
18417
18381
18298
18236
18175
18144
18138
18102
18093
18069
18056
18041
18036
18021
18017
17971
17968
17943
17928
17924
17919
17912
17892
17869
17829
17817
17773
17764
17763
17746
17726
17719
17702
17675
17672
17647
17626
17613
17603
17535
17531
17526
17509
17486
17470
17463
17459
17392
17316
17307
17263
17263
17246
17169
17153
17123
17123
17115
17067
16940
16922
16920
16919
16868
16855
16808
16767
16754
16751
16707
16641
16588
16586
16453
16441
16368
16360
16315
16305
16235
16181
16180
16164
16102
16098
16088
16080
16068
16052
16037
16010
15979
15931
15917
15801
15731
15696
15692
15665
15654
15629
15619
15600
15596
15571
15557
15528
15387
15371
15365
15357
15334
15331
15310
15279
15268
15258
15255
15249
15234
15183
15179
15158
15151
15150
15141
15140
15135
15121
15118
15099
15073
15059
15034
15027
15021
15003
14996
14990
14987
14976
14946
14940
14927
14913
14888
14869
14855
14845
14841
14833
14763
14753
14717
14713
14674
14641
14620
14615
14512
14439
14438
14434
14425
14424
14422
14406
14389
14384
14361
14329
14303
14293
14262
14252
14251
14172
14160
14141
14107
14067
14011
13982
13973
13959
13948
13938
13922
13892
13874
13874
13868
13866
13865
13854
13817
13810
13802
13784
13749
13748
13733
13692
13687
13680
13680
13656
13645
13609
13581
13566
13537
13533
13521
13500
13492
13462
13408
13357
13328
13316
13314
13261
13193
13183
13149
13127
13118
13082
13012
12952
12894
12885
12863
12859
12852
12837
12821
12789
12785
12771
12758
12745
12718
12708
12684
12667
12654
12642
12638
12623
12605
12600
12587
12567
12537
12536
12510
12492
12488
12453
12443
12435
12428
12389
12340
12274
12264
12257
12242
12205
12193
12156
12107
12061
12060
12016
12015
12012
12000
11974
11967
11959
11949
11935
11932
11921
11902
11886
11875
11848
11829
11821
11820
11798
11794
11793
11787
11786
11745
11738
11735
11729
11659
11654
11651
11646
11644
11643
11620
11595
11594
11557
11540
11518
11509
11505
11499
11475
11474
11450
11433
11409
11379
11376
11350
11343
11319
11305
11288
11285
11246
11237
11228
11213
11201
11192
11172
11164
11161
11154
11149
11144
11137
11132
11116
11090
11075
11060
11029
10996
10981
10920
10917
10917
10908
10894
10892
10882
10876
10863
10856
10783
10738
10724
10724
10722
10683
10671
10665
10641
10636
10628
10595
10592
10591
10590
10564
10561
10542
10538
10507
10504
10477
10476
10473
10456
10454
10444
10432
10418
10403
10383
10367
10361
10356
10325
10316
10307
10295
10289
10279
10266
10263
10217
10200
10179
10156
10151
10137
10128
10100
10088
10084
10064
10064
10038
10036
10028
10027
10027
9999
9999
9978
9971
9960
9949
9943
9917
9884
9875
9832
9788
9787
9783
9768
9762
9757
9723
9719
9713
9697
9693
9693
9656
9635
9609
9585
9584
9574
9557
9551
9542
9535
9528
9483
9479
9478
9466
9463
9447
9441
9433
9416
9415
9404
9401
9400
9366
9364
9361
9335
9319
9316
9292
9290
9276
9264
9248
9234
9225
9214
9202
9202
9179
9169
9163
9157
9142
9134
9114
9102
9100
9091
9089
9060
9054
9049
9047
9047
9039
9028
9026
8976
8931
8926
8910
8890
8857
8854
8845
8842
8839
8838
8795
8773
8752
8748
8740
8733
8713
8708
8701
8695
8662
8659
8657
8657
8650
8639
8639
8634
8632
8626
8594
8577
8576
8575
8543
8541
8531
8525
8522
8512
8485
8484
8475
8469
8464
8464
8460
8449
8433
8410
8401
8387
8366
8365
8345
8343
8337
8336
8320
8313
8311
8304
8297
8294
8292
8289
8282
8279
8279
8275
8273
8270
8266
8259
8256
8249
8220
8218
8208
8200
8184
8176
8144
8104
8101
8097
8092
8080
8067
8067
8061
8056
8045
8041
8029
8025
8024
8023
7992
7989
7980
7975
7968
7962
7960
7960
7952
7946
7939
7938
7935
7931
7902
7895
7890
7888
7886
7877
7874
7865
7851
7832
7830
7823
7813
7805
7773
7772
7731
7714
7713
7696
7694
7686
7682
7682
7677
7672
7659
7637
7630
7609
7594
7590
7533
7511
7504
7503
7497
7456
7454
7449
7436
7419
7416
7405
7404
7401
7399
7395
7395
7372
7339
7336
7320
7309
7301
7295
7276
7259
7256
7256
7213
7195
7194
7184
7167
7165
7136
7132
7125
7101
7094
7091
7085
7059
7057
7046
7045
7041
7025
7016
7011
7004
6998
6971
6968
6955
6944
6930
6920
6919
6916
6909
6904
6901
6899
6894
6885
6879
6871
6868
6858
6845
6834
6829
6825
6821
6818
6790
6782
6780
6780
6779
6759
6744
6722
6709
6709
6707
6695
6692
6688
6675
6651
6651
6644
6637
6627
6627
6622
6611
6604
6599
6594
6586
6572
6558
6555
6550
6539
6538
6536
6524
6506
6503
6490
6477
6451
6431
6416
6416
6413
6412
6403
6398
6395
6390
6378
6331
6327
6325
6308
6300
6299
6296
6294
6282
6269
6261
6257
6256
6249
6233
6228
6224
6223
6199
6182
6182
6174
6172
6166
6166
6165
6159
6154
6142
6142
6137
6135
6119
6114
6112
6104
6072
6045
6024
6016
6012
6004
6000
5990
5988
5984
5955
5954
5943
5938
5932
5932
5921
5914
5902
5901
5891
5882
5876
5875
5863
5863
5853
5849
5845
5840
5835
5833
5832
5814
5805
5802
5798
5798
5788
5781
5772
5769
5766
5766
5760
5758
5752
5751
5743
5741
5737
5735
5721
5718
5703
5689
5689
5682
5670
5661
5658
5652
5646
5632
5630
5628
5625
5622
5622
5582
5582
5576
5569
5561
5551
5544
5543
5542
5540
5532
5529
5519
5514
5511
5511
5509
5500
5495
5492
5481
5479
5477
5463
5456
5436
5433
5429
5420
5418
5418
5416
5414
5412
5409
5389
5386
5363
5359
5325
5324
5316
5315
5307
5299
5282
5282
5278
5273
5272
5268
5256
5251
5231
5229
5223
5220
5219
5207
5204
5199
5196
5185
5176
5174
5170
5148
5140
5140
5138
5132
5117
5116
5109
5100
5096
5088
5083
5081
5079
5059
5049
5036
5035
5027
5018
5012
5009
5008
5002
5000
4998
4980
4969
4967
4964
4961
4960
4955
4931
4928
4917
4912
4911
4909
4907
4903
4887
4884
4884
4879
4874
4866
4863
4850
4850
4839
4819
4813
4811
4809
4806
4798
4797
4795
4793
4783
4779
4769
4756
4755
4743
4742
4730
4718
4713
4712
4710
4709
4688
4688
4684
4682
4681
4675
4671
4668
4668
4651
4642
4638
4638
4637
4633
4628
4611
4601
4595
4588
4583
4582
4579
4568
4565
4565
4552
4533
4529
4512
4507
4490
4443
4439
4439
4437
4421
4419
4418
4417
4414
4406
4406
4405
4402
4393
4392
4390
4390
4385
4375
4372
4368
4366
4359
4356
4355
4354
4344
4335
4327
4322
4320
4304
4290
4274
4265
4262
4261
4260
4243
4236
4225
4221
4218
4215
4201
4200
4194
4191
4186
4184
4180
4175
4169
4167
4165
4142
4142
4141
4135
4134
4132
4130
4124
4112
4108
4102
4101
4098
4089
4085
4084
4073
4069
4062
4056
4055
4046
4037
4033
4031
4011
3998
3989
3985
3981
3965
3959
3956
3948
3942
3929
3929
3925
3917
3912
3911
3909
3888
3881
3879
3875
3874
3867
3865
3847
3844
3840
3839
3837
3837
3831
3830
3828
3828
3824
3823
3811
3811
3809
3806
3805
3795
3791
3772
3771
3769
3767
3766
3759
3759
3759
3758
3753
3746
3744
3740
3733
3731
3724
3720
3718
3718
3707
3705
3700
3700
3698
3698
3688
3683
3681
3676
3670
3664
3663
3660
3658
3657
3655
3653
3652
3649
3647
3640
3637
3636
3635
3627
3626
3619
3619
3607
3604
3596
3596
3595
3588
3584
3580
3578
3577
3568
3564
3551
3546
3532
3526
3521
3517
3503
3497
3496
3487
3479
3476
3474
3472
3465
3458
3447
3444
3437
3433
3409
3408
3400
3385
3383
3376
3354
3346
3346
3343
3342
3341
3339
3338
3330
3330
3326
3323
3315
3315
3314
3313
3311
3306
3303
3281
3271
3270
3270
3260
3254
3248
3246
3242
3240
3235
3233
3228
3227
3219
3217
3208
3208
3206
3206
3201
3198
3194
3192
3189
3188
3187
3171
3170
3169
3169
3169
3158
3153
3149
3144
3138
3135
3133
3131
3130
3130
3127
3125
3124
3119
3112
3110
3102
3098
3098
3092
3084
3083
3079
3075
3074
3069
3068
3055
3055
3049
3045
3042
3037
3036
3035
3033
3032
3025
3020
3018
3005
3004
2995
2994
2991
2988
2987
2979
2977
2976
2973
2972
2971
2970
2963
2958
2958
2956
2945
2939
2929
2922
2921
2913
2912
2909
2907
2906
2901
2899
2897
2893
2892
2891
2890
2889
2886
2882
2880
2874
2860
2858
2858
2849
2847
2843
2842
2841
2840
2836
2835
2833
2830
2827
2821
2820
2816
2816
2815
2806
2805
2805
2803
2799
2761
2753
2753
2751
2748
2744
2743
2743
2742
2739
2739
2738
2737
2731
2724
2717
2715
2715
2711
2707
2698
2697
2694
2694
2684
2677
2673
2671
2665
2662
2659
2653
2650
2650
2649
2647
2647
2644
2642
2641
2639
2635
2633
2631
2631
2626
2626
2625
2614
2598
2597
2595
2590
2589
2587
2582
2579
2578
2577
2572
2570
2565
2557
2555
2552
2549
2548
2539
2538
2529
2525
2523
2523
2512
2505
2503
2503
2501
2500
2491
2489
2486
2479
2478
2475
2474
2474
2472
2466
2466
2452
2452
2445
2438
2438
2437
2427
2425
2423
2410
2401
2399
2398
2396
2394
2391
2391
2390
2389
2387
2380
2378
2377
2375
2373
2365
2360
2358
2357
2355
2350
2346
2344
2341
2341
2338
2333
2332
2328
2319
2307
2303
2299
2292
2290
2287
2284
2283
2276
2274
2273
2271
2268
2266
2265
2262
2262
2261
2256
2251
2250
2250
2249
2239
2232
2230
2229
2229
2229
2221
2219
2219
2217
2217
2213
2210
2206
2199
2197
2193
2191
2183
2181
2181
2173
2168
2165
2163
2153
2152
2152
2149
2149
2148
2148
2147
2146
2145
2141
2141
2139
2138
2131
2127
2126
2124
2124
2121
2118
2117
2114
2113
2109
2107
2100
2097
2093
2092
2089
2087
2086
2084
2083
2078
2072
2071
2068
2067
2065
2064
2063
2062
2051
2048
2047
2032
2030
2019
2019
2017
2017
2014
2013
2013
2012
2012
2010
2007
2005
2004
2000
1997
1991
1981
1980
1973
1970
1968
1966
1965
1963
1958
1950
1949
1948
1942
1941
1935
1934
1932
1930
1929
1928
1924
1924
1922
1922
1921
1918
1909
1909
1908
1906
1906
1900
1900
1900
1890
1890
