# frequencies for corresponding charset zh_taiwan_chihhaotsai_94_3000

6213303
3055774
2698226
2460050
2404890
2177117
1784738
1636245
1515532
1429451
1269386
1263322
1060197
985803
944875
944562
934255
882754
870826
842014
821552
799975
780162
770247
767344
738922
681764
675759
657244
631803
624900
622987
620545
609648
606951
603671
603362
586122
583019
577539
563356
558794
556987
548803
543287
534414
525758
513413
512889
505128
500920
493894
493066
489086
485850
485403
484020
474569
469969
449058
437551
436134
435960
434336
432669
425654
423472
421695
421247
420424
411710
405634
398691
398653
386264
385488
382721
374078
368189
367848
355012
353372
351426
349711
346218
344014
339238
336145
333273
329280
324673
321729
321366
319944
317825
312509
312345
310460
307871
304713
303946
303219
302292
299929
299435
294840
293056
291128
289823
287474
287024
282997
282175
276792
273798
269471
268903
268535
265640
265234
263032
261376
258523
253688
252611
251416
251335
251304
249770
249477
248414
248221
246831
241494
241231
240376
239430
239114
237908
236752
235373
233579
233260
233024
233019
232469
229202
226752
226629
223678
222506
222435
221516
221342
218624
216896
216436
215820
211971
211672
210925
210767
207633
207453
206433
205470
205304
204712
204686
204180
204063
203940
202096
201402
200739
199488
198146
197060
196364
196058
195748
194471
194174
193534
193009
190344
190256
189332
189023
187901
187762
186684
184669
184251
183140
182264
180260
179725
179567
179094
179057
178989
178031
177402
177213
176837
175856
175660
175430
173415
172871
172297
172034
171736
167290
165008
164928
163600
163352
162831
162694
161532
160958
160118
159712
159240
159000
157761
157625
157476
156166
156102
154085
154006
153854
153300
152985
152977
152471
152015
151184
150982
150705
149251
149062
148012
147931
147875
147665
147264
147252
146249
145639
144599
144266
143998
143492
141116
140249
139904
139321
138823
138680
137893
137657
136139
135105
134938
134568
133535
133436
132637
132124
131403
131383
131247
130838
129613
129337
128824
127613
127085
127015
126809
126691
126337
126057
125500
125087
123277
122900
122226
122185
121538
121235
120926
120475
119955
119649
119536
119474
119469
117530
116870
116760
116730
116530
116022
115170
115105
115042
115031
114534
113698
113456
113030
112317
112282
111152
110419
110232
110104
109699
109459
109165
109104
109006
108924
108570
108066
107982
107951
107410
106711
106383
106315
105535
105012
104725
104548
104370
104158
103995
103852
102942
102515
102311
102194
102044
101844
101819
101376
100993
100918
100584
100550
99786
98866
98838
98765
98683
98475
98315
97211
96634
95903
95875
95719
95551
95229
95148
94866
94428
93932
92873
91910
91794
91686
91493
91177
90817
90704
90591
90243
90169
89621
89338
89324
88485
88310
88294
87801
87725
87488
87360
87028
85737
85668
84959
84786
84636
84451
84354
83952
83886
83599
83582
83065
82109
82099
81884
81775
81579
81547
81424
80945
80850
80363
80335
80068
79898
79227
79175
79118
78930
78630
78454
78303
78261
78171
77938
76987
76777
76665
76663
76558
76327
75728
75499
75431
75276
75090
75081
74927
74469
74265
73816
73451
73294
73258
72753
72519
72497
72384
72204
72188
72180
71890
71726
71568
71553
71083
70922
70781
70164
70078
69901
69785
69718
69433
68941
68839
68674
68646
68646
68607
68568
68454
68400
68059
68030
68006
67942
67868
67470
67422
67384
67255
67255
66827
66765
66634
66618
66537
66494
66459
66418
66415
66199
66074
66016
65867
65584
65557
65183
65091
64881
64582
64185
63800
63699
63382
63302
63127
62974
62690
62673
62630
61977
61648
61616
61378
61265
61242
61193
61092
61037
60837
60609
60478
60049
59672
59580
59466
59373
59304
58847
58845
58833
58711
58669
58586
58419
57939
57932
57769
57444
57332
57298
57280
56692
56680
56622
56570
56521
56313
56227
56227
56182
56175
56137
56085
56084
55787
55748
55731
55584
55451
55442
55378
55186
55006
54872
54709
54592
54507
54352
54174
54011
53965
53855
53742
53656
53142
53007
52287
52206
52132
51910
51829
51816
51680
51646
51521
51439
51314
51153
50912
50857
50763
50569
50246
50134
50104
50083
50068
50002
49957
49892
49731
49691
49687
49660
49530
49493
49404
49389
49377
49337
49227
49205
49159
48944
48907
48809
48728
48514
48210
48186
48065
48041
47866
47809
47668
47497
47452
47425
47332
47222
47209
47089
47081
46769
46676
46643
46610
46366
46327
46180
46115
46009
45930
45774
45738
45738
45701
45596
45576
45532
45514
45302
44887
44745
44611
44554
44443
44414
44359
44223
43845
43776
43517
43482
43444
43317
43105
42966
42853
42831
42741
42478
42431
42202
41990
41961
41917
41909
41794
41754
41674
41522
41322
41178
41169
40971
40890
40890
40797
40645
40633
40576
40542
40388
40277
40116
39992
39922
39820
39722
39525
39455
39343
39229
38984
38941
38760
38753
38699
38573
38563
38385
38337
38312
38251
38247
38228
37980
37872
37376
37367
37364
37352
37286
37138
37080
37023
36785
36783
36757
36671
36507
36396
36339
36338
36181
36101
35961
35957
35918
35910
35904
35885
35760
35754
35642
35592
35314
35088
34942
34847
34752
34690
34673
34638
34613
34543
34536
34084
34060
34011
33960
33849
33826
33783
33741
33667
33515
33410
33280
33202
33164
33011
32976
32796
32747
32720
32715
32714
32542
32515
32473
32391
32380
32274
32164
32123
31951
31913
31851
31784
31773
31678
31572
31530
31486
31468
31393
31382
31362
31357
31356
31353
31342
31332
31327
31251
31210
31207
31156
31101
31056
31026
30824
30760
30659
30630
30588
30557
30549
30459
30322
30191
30179
30052
30042
30033
29993
29962
29757
29752
29717
29715
29705
29581
29544
29527
29512
29496
29399
29382
29260
29222
29178
29169
29160
29053
29007
28963
28927
28827
28696
28693
28614
28558
28503
28489
28413
28400
28369
28288
28200
28193
27930
27859
27821
27804
27715
27708
27485
27454
27443
27397
27395
27393
27378
27357
27163
27098
27051
27027
27010
27008
26990
26931
26928
26873
26813
26797
26768
26718
26665
26665
26640
26632
26589
26582
26457
26338
26334
26303
26259
26233
26169
26167
26088
26082
26059
26056
26038
26012
25935
25927
25798
25739
25705
25693
25678
25643
25573
25553
25549
25428
25375
25362
25326
25261
25168
25096
25074
25002
24909
24811
24735
24685
24680
24619
24608
24545
24488
24467
24431
24392
24376
24319
24316
24143
24098
24092
24084
24070
24062
24051
23998
23847
23760
23751
23741
23665
23662
23599
23534
23429
23338
23310
23302
23282
23209
23185
23157
23155
23128
23123
23108
23094
23035
23025
22953
22938
22849
22812
22770
22758
22741
22670
22631
22510
22431
22394
22369
22361
22244
22230
22199
22089
22083
22064
22063
22034
22024
21963
21937
21914
21897
21870
21858
21822
21821
21776
21591
21587
21543
21473
21469
21456
21379
21375
21374
21259
21166
21139
21131
21130
21122
21099
21022
21007
21004
20963
20949
20942
20869
20846
20804
20770
20738
20703
20701
20677
20668
20623
20501
20452
20380
20362
20293
20290
20281
20253
20235
20218
20134
20123
20012
20010
19976
19897
19878
19833
19824
19809
19782
19739
19730
19727
19719
19648
19634
19610
19601
19599
19520
19514
19459
19430
19422
19367
19334
19326
19292
19288
19240
19238
19216
19205
19187
19143
19135
19134
19115
19081
19068
19057
19053
19035
19014
19000
18983
18972
18889
18873
18839
18769
18741
18594
18520
18463
18430
18430
18404
18362
18272
18237
18174
18164
18128
18087
18030
18025
17979
17978
17964
17897
17804
17797
17733
17726
17724
17703
17675
17663
17610
17600
17573
17541
17526
17447
17446
17428
17399
17371
17362
17354
17331
17318
17283
17263
17254
17220
17218
17211
17192
17189
17173
17165
17142
17130
17034
17020
17010
16956
16955
16934
16910
16886
16880
16863
16838
16796
16781
16728
16716
16671
16623
16599
16574
16515
16486
16401
16396
16393
16253
16185
16152
16133
16132
16102
16000
15962
15939
15913
15909
15906
15855
15722
15679
15650
15603
15596
15540
15531
15494
15468
15436
15417
15400
15267
15266
15241
15228
15220
15203
15183
15153
15151
15130
15124
15082
15069
15066
15046
15028
15020
15019
14980
14975
14928
14830
14813
14788
14757
14688
14636
14628
14603
14596
14551
14546
14545
14540
14537
14530
14507
14461
14417
14395
14394
14349
14326
14312
14293
14289
14280
14251
14243
14183
14154
14139
14134
14111
14059
13993
13987
13967
13942
13929
13886
13885
13880
13866
13772
13753
13749
13741
13738
13733
13712
13704
13684
13677
13668
13650
13632
13629
13599
13589
13548
13547
13532
13423
13421
13413
13407
13405
13388
13354
13321
13298
13251
13190
13124
13076
13075
13059
13054
13047
13015
13012
12989
12979
12974
12959
12950
12927
12897
12896
12836
12829
12826
12809
12784
12759
12750
12738
12717
12704
12674
12668
12631
12589
12565
12543
12539
12534
12508
12481
12427
12414
12409
12361
12330
12287
12278
12272
12251
12244
12240
12234
12228
12220
12159
12148
12115
12106
12094
12042
12042
12021
11985
11972
11959
11939
11933
11927
11913
11870
11862
11837
11715
11713
11666
11654
11616
11592
11575
11554
11524
11490
11478
11474
11473
11471
11464
11457
11424
11384
11331
11300
11270
11270
11265
11237
11212
11197
11180
11170
11161
11147
11146
11145
11131
11096
11082
11078
11065
11062
11061
11054
11013
10974
10973
10971
10950
10946
10917
10908
10889
10883
10854
10831
10812
10796
10774
10750
10727
10676
10651
10630
10629
10627
10592
10569
10565
10532
10495
10487
10485
10481
10475
10359
10336
10308
10295
10275
10263
10238
10208
10208
10187
10162
10160
10156
10132
10132
10127
10124
10110
10104
10096
10073
10032
10029
10003
9998
9996
9977
9943
9942
9908
9900
9895
9889
9872
9855
9843
9809
9790
9779
9743
9730
9706
9695
9694
9680
9678
9674
9670
9661
9648
9634
9634
9630
9611
9581
9575
9549
9545
9539
9503
9481
9460
9452
9452
9439
9405
9392
9391
9381
9355
9336
9317
9297
9297
9277
9274
9265
9252
9245
9233
9213
9211
9195
9186
9154
9148
9147
9129
9128
9073
9059
9048
9046
9036
9025
9024
8984
8982
8975
8957
8949
8938
8926
8924
8909
8899
8895
8879
8817
8807
8769
8762
8688
8685
8635
8632
8626
8604
8571
8556
8552
8540
8498
8476
8396
8393
8370
8360
8340
8328
8302
8292
8281
8266
8257
8256
8245
8240
8228
8227
8216
8201
8201
8188
8186
8183
8171
8159
8153
8152
8150
8147
8138
8138
8125
8120
8106
8097
8092
8085
8084
8046
8041
8030
8015
7975
7973
7972
7971
7961
7947
7943
7942
7907
7888
7885
7875
7868
7865
7864
7854
7837
7834
7827
7822
7816
7809
7798
7786
7755
7752
7751
7747
7742
7739
7725
7707
7694
7687
7678
7647
7630
7629
7619
7617
7601
7591
7579
7575
7574
7573
7559
7546
7538
7524
7521
7518
7503
7497
7494
7492
7482
7478
7474
7461
7461
7455
7448
7446
7433
7428
7420
7415
7414
7379
7368
7355
7349
7337
7331
7327
7317
7312
7302
7298
7296
7296
7255
7250
7247
7235
7230
7229
7193
7191
7189
7189
7188
7182
7179
7177
7173
7165
7151
7151
7141
7122
7122
7119
7118
7111
7110
7110
7098
7097
7097
7091
7084
7072
7059
7052
7047
7033
6991
6976
6975
6965
6963
6963
6958
6934
6931
6900
6893
6866
6862
6862
6861
6860
6858
6836
6824
6818
6808
6806
6805
6783
6780
6767
6763
6743
6742
6741
6741
6726
6725
6712
6708
6697
6690
6685
6683
6662
6656
6608
6592
6591
6583
6576
6569
6562
6560
6557
6540
6517
6498
6492
6489
6488
6473
6469
6464
6463
6458
6454
6429
6422
6412
6411
6404
6403
6392
6381
6379
6357
6349
6347
6331
6285
6281
6267
6262
6247
6243
6239
6233
6231
6231
6230
6229
6216
6211
6207
6206
6204
6203
6195
6175
6170
6166
6149
6148
6142
6130
6119
6105
6103
6086
6083
6056
6038
6025
6018
6009
6004
5996
5982
5975
5968
5965
5957
5943
5941
5938
5931
5927
5923
5923
5918
5894
5890
5886
5879
5853
5847
5787
5771
5764
5762
5742
5731
5726
5724
5715
5698
5691
5689
5684
5679
5678
5659
5623
5610
5590
5590
5569
5559
5540
5532
5523
5520
5519
5515
5514
5507
5507
5505
5497
5487
5484
5481
5468
5440
5434
5432
5429
5425
5415
5410
5407
5403
5399
5398
5397
5386
5385
5379
5360
5358
5349
5347
5326
5320
5313
5306
5306
5302
5286
5281
5277
5276
5264
5257
5256
5254
5254
5248
5248
5243
5231
5170
5163
5159
5152
5146
5143
5127
5115
5115
5111
5107
5091
5090
5074
5071
5063
5060
5054
5045
5037
5020
5018
5013
5006
5005
5002
5002
4989
4984
4972
4961
4960
4959
4947
4947
4939
4937
4934
4927
4922
4910
4901
4889
4888
4872
4862
4856
4855
4853
4851
4849
4840
4829
4821
4817
4808
4799
4788
4788
4787
4770
4766
4765
4764
4751
4750
4747
4745
4744
4740
4732
4725
4721
4702
4699
4688
4671
4670
4656
4654
4643
4640
4632
4623
4622
4615
4606
4601
4598
4595
4592
4583
4578
4574
4572
4572
4566
4550
4543
4542
4540
4530
4523
4522
4514
4509
4495
4493
4491
4483
4481
4455
4449
4448
4442
4441
4439
4436
4436
4432
4432
4424
4421
4416
4414
4406
4399
4396
4389
4385
4381
4380
4377
4375
4370
4370
4364
4358
4346
4345
4341
4331
4312
4310
4307
4298
4294
4284
4283
4282
4274
4266
4221
4215
4209
4209
4204
4203
4201
4194
4194
4189
4185
4184
4174
4173
4167
4156
4152
4149
4148
4143
4140
4137
4129
4128
4126
4121
4120
4115
4108
4100
4095
4093
4081
4067
4043
4032
4032
4029
4020
4014
4013
4012
4011
4004
3994
3986
3982
3981
3969
3968
3946
3945
3943
3942
3941
3939
3931
3926
3924
3920
3915
3912
3911
3909
3904
3900
3889
3889
3887
3884
3876
3862
3860
3859
3855
3853
3850
3847
3827
3816
3805
3801
3796
3795
3792
3779
3777
3754
3743
3742
3727
3722
3722
3718
3709
3690
3684
3678
3670
3668
3661
3657
3649
3648
3645
3645
3639
3616
3610
3607
3605
3595
3594
3592
3591
3589
3580
3568
3558
3558
3556
3555
3552
3540
3529
3524
3513
3513
3509
3508
3504
3488
3487
3485
3481
3481
3481
3481
3479
3469
3468
3464
3464
3461
3452
3451
3450
3450
3445
3438
3429
3429
3426
3426
3425
3424
3421
3418
3417
3407
3406
3406
3397
3397
3391
3385
3381
3378
3373
3367
3365
3359
3354
3351
3350
3348
3346
3341
3339
3338
3333
3333
3333
3329
3319
3318
3316
3296
3294
3290
3278
3277
3277
3268
3267
3266
3261
3257
3255
3250
3250
3239
3230
3226
3219
3217
3215
3214
3210
3204
3182
3176
3175
3175
3168
3168
3166
3163
3154
3147
3133
3132
3131
3123
3119
3117
3113
3109
3109
3105
3098
3095
3095
3095
3094
3087
3085
3073
3069
3061
3057
3052
3052
3048
3047
3046
3037
3035
3034
3027
3026
3024
3018
3015
3007
3005
3005
2995
2984
2984
2982
2979
2976
2965
2965
2960
2948
2945
2943
2942
2940
2936
2934
2933
2933
2926
2924
2922
2922
2914
2906
2894
2893
2879
2875
2858
2858
2848
2844
2843
2843
2841
2841
2839
2836
2835
2833
2830
2830
2826
2823
2822
2813
2809
2808
2793
2791
2788
2786
2786
2783
2783
2774
2770
2769
2763
2757
2743
2740
2735
2734
2733
2731
2726
2715
2705
2704
2700
2680
2676
2673
2672
2671
2666
2658
2649
2649
2643
2641
2633
2630
2629
2628
2624
2623
2621
2620
2618
2616
2616
2615
2611
2593
2581
2579
2572
2570
2569
2563
2558
2556
2554
2554
2553
2541
2539
2537
2528
2523
2518
2514
2509
2497
2493
2490
2485
2482
2474
2471
2465
2459
2457
2457
2456
2448
2441
2441
2426
2426
2423
2417
2415
2411
2398
2397
2396
2394
2383
2372
2371
2362
2359
2357
2354
2353
2347
2346
2343
2334
2328
2324
2323
2321
2321
2318
2317
2300
2293
2292
2292
2290
2284
2284
2281
2277
2269
2264
2256
2254
2252
2245
2243
2241
2240
2230
2221
2217
2215
2214
2208
2202
2197
2193
2192
2188
2188
2186
2182
2180
2180
2177
2177
2171
2163
2161
2151
2150
2146
2146
2139
2139
2135
2132
2129
2124
2115
2111
2111
2103
2102
2102
2099
2097
2097
2094
2087
2080
2076
2074
2074
2071
2070
2068
2063
2061
2052
2050
2050
2044
2040
2037
2034
2031
2027
2026
2022
2014
2011
2010
2008
2005
2005
2005
2004
1999
1996
1994
1994
1986
1984
1970
1969
1967
1965
1965
1964
1961
1959
1956
1946
1945
1944
1943
1941
1939
1938
1938
1930
1926
1926
1916
1915
1915
1913
1909
1905
1904
1904
1896
1895
1886
1885
1884
1878
1877
1874
1872
1868
1868
1866
1849
1846
1844
1842
1839
1839
1836
1835
1833
1832
1832
1827
1827
1823
1823
1815
1814
1806
1805
1803
1792
1791
1790
1789
1785
1785
1783
1782
1781
1777
1776
1769
1768
1766
1764
1763
1763
1760
1760
1759
1757
1754
1752
1750
1739
1737
1737
1734
1725
1722
1721
1714
1712
1710
1706
1699
1697
1694
1693
1690
1688
1688
1683
1681
1681
1681
1679
1679
1675
1669
1659
1658
1656
1656
1653
1651
1647
1644
1642
1642
1637
1634
1634
1631
1628
1624
1623
1623
1622
1621
1618
1615
1615
1614
1612
1609
1608
1604
1602
1597
1593
1593
1592
1587
1587
1584
1583
1583
1583
1578
1573
1572
1570
1569
1568
1568
1567
1566
1561
1560
1559
1556
1556
1550
1548
1548
1546
1533
1529
1529
1529
1529
1524
1523
1522
1517
1517
1513
1511
1510
1507
1502
1501
1497
1491
1489
1487
1487
1486
1485
1485
1481
1480
1480
1472
1469
1469
1468
1467
1466
1465
1465
1460
1460
1458
1455
1453
1453
1452
1445
1442
1441
1439
1435
1434
1434
1433
1430
1430
1428
1428
1426
1426
1425
1425
1422
1421
1417
1415
1414
1413
1413
1412
1407
1405
1405
1404
1404
1402
1400
1395
1390
1388
1387
1387
1376
1372
1371
1371
1369
1364
1364
1363
1362
1359
1358
1356
1356
1353
1352
1352
1350
1349
1345
1343
1341
1339
1338
1337
1334
1334
1329
1327
1327
1326
1325
1323
1322
1316
1315
1313
1313
1310
1307
1307
1305
1302
1302
1298
1290
1287
1281
1281
1280
1277
1275
1275
1275
1274
1274
1274
1271
1271
1271
1268
1264
1263
1261
1261
1260
1259
1253
1253
1252
1249
1248
1248
1247
1246
1246
1245
1244
1242
1240
1240
1238
1234
1233
1230
1229
1226
1224
1221
1217
1210
1208
1206
1205
1204
1203
1202
1199
1196
1192
1189
1189
1188
1187
1186
1185
1185
1185
1182
1179
1174
1173
1173
1168
1167
1165
1163
1161
1158
1156
1150
1149
1148
1146
1142
1141
1140
1138
1137
1136
1136
1135
1135
1133
1132
1131
1129
1128
1125
1125
1124
1122
1121
1120
1119
1118
1117
1114
1113
1111
1111
1106
1103
1102
1100
1100
